TransactionID,CustomerID,OrderDate,Category,Product,Quantity,UnitPrice,Discount,Amount,Segment,RecencyStatus
TXN003381,C00719,2022-01-01,Electronics,Smartwatch,2,36.53,0.0,73.07,Low-Value / At-Risk,At Risk (180+)
TXN001399,C00270,2022-01-01,Electronics,Headphones,1,212.59,0.0,212.59,High-Value Champions,Warm (31-90)
TXN002025,C00400,2022-01-02,Clothing,Dress,3,188.43,0.05,537.01,Loyal Frequent,Cool (91-180)
TXN000239,C00043,2022-01-04,Home,Sofa,3,303.18,0.1,818.59,High-Value Champions,Warm (31-90)
TXN002074,C00412,2022-01-05,Sports,Bicycle,1,67.2,0.05,63.84,Low-Value / At-Risk,At Risk (180+)
TXN001814,C00357,2022-01-06,Beauty,Haircare,2,102.36,0.0,204.72,Low-Value / At-Risk,At Risk (180+)
TXN002290,C00466,2022-01-06,Sports,Dumbbells,1,55.14,0.0,55.14,Low-Value / At-Risk,At Risk (180+)
TXN002279,C00462,2022-01-08,Home,Cookware,3,42.32,0.2,101.57,Loyal Frequent,Cool (91-180)
TXN000170,C00035,2022-01-08,Electronics,Headphones,1,138.57,0.0,138.57,High-Value Champions,Active (0-30)
TXN001970,C00389,2022-01-08,Electronics,Smartwatch,1,149.04,0.0,149.04,Potential / Occasional,At Risk (180+)
TXN003265,C00687,2022-01-08,Clothing,Dress,3,230.4,0.0,691.21,Loyal Frequent,At Risk (180+)
TXN002050,C00406,2022-01-09,Beauty,Makeup,1,417.7,0.0,417.7,Loyal Frequent,At Risk (180+)
TXN001890,C00375,2022-01-09,Sports,Dumbbells,1,160.86,0.0,160.86,Potential / Occasional,Active (0-30)
TXN003117,C00657,2022-01-10,Clothing,Dress,2,100.27,0.05,190.51,Loyal Frequent,At Risk (180+)
TXN001668,C00326,2022-01-11,Electronics,Headphones,3,79.25,0.0,237.75,Low-Value / At-Risk,At Risk (180+)
TXN001508,C00290,2022-01-11,Electronics,Laptop,1,97.12,0.15,82.55,High-Value Champions,Warm (31-90)
TXN000338,C00058,2022-01-12,Home,Cookware,2,444.09,0.1,799.36,High-Value Champions,Active (0-30)
TXN001394,C00268,2022-01-12,Home,Sofa,1,51.08,0.0,51.08,Potential / Occasional,Warm (31-90)
TXN001869,C00371,2022-01-13,Electronics,Tablet,2,436.07,0.0,872.14,High-Value Champions,Active (0-30)
TXN000179,C00035,2022-01-13,Clothing,Dress,3,162.87,0.05,464.19,High-Value Champions,Active (0-30)
TXN001958,C00387,2022-01-14,Home,Bedding,2,412.08,0.0,824.16,High-Value Champions,Warm (31-90)
TXN001979,C00391,2022-01-14,Electronics,Smartwatch,3,204.69,0.0,614.07,High-Value Champions,Active (0-30)
TXN001500,C00290,2022-01-14,Electronics,Headphones,2,248.16,0.0,496.32,High-Value Champions,Warm (31-90)
TXN000381,C00068,2022-01-15,Clothing,T-Shirt,1,121.36,0.0,121.36,Loyal Frequent,At Risk (180+)
TXN001692,C00330,2022-01-16,Clothing,Jacket,2,77.38,0.0,154.77,Loyal Frequent,Cool (91-180)
TXN001807,C00354,2022-01-16,Sports,Running Shoes,2,137.66,0.0,275.31,Loyal Frequent,At Risk (180+)
TXN001640,C00318,2022-01-16,Beauty,Haircare,2,114.8,0.0,229.61,Loyal Frequent,Warm (31-90)
TXN003626,C00779,2022-01-17,Clothing,Sneakers,1,188.26,0.0,188.26,Loyal Frequent,At Risk (180+)
TXN000217,C00040,2022-01-17,Electronics,Smartwatch,1,162.06,0.0,162.06,High-Value Champions,Warm (31-90)
TXN003642,C00782,2022-01-18,Beauty,Makeup,1,120.21,0.0,120.21,Potential / Occasional,Cool (91-180)
TXN000773,C00137,2022-01-18,Beauty,Haircare,2,155.57,0.15,264.48,High-Value Champions,Warm (31-90)
TXN003434,C00730,2022-01-18,Clothing,T-Shirt,3,38.73,0.0,116.18,Potential / Occasional,Warm (31-90)
TXN001442,C00280,2022-01-18,Beauty,Perfume,2,63.29,0.05,120.26,Loyal Frequent,At Risk (180+)
TXN002797,C00575,2022-01-19,Clothing,T-Shirt,1,25.49,0.05,24.21,Low-Value / At-Risk,At Risk (180+)
TXN003014,C00631,2022-01-19,Electronics,Laptop,2,272.3,0.2,435.69,Loyal Frequent,Warm (31-90)
TXN001064,C00199,2022-01-20,Clothing,Jacket,2,221.92,0.0,443.84,High-Value Champions,Warm (31-90)
TXN000852,C00154,2022-01-21,Home,Decor,3,355.88,0.0,1067.65,High-Value Champions,Cool (91-180)
TXN000683,C00125,2022-01-21,Sports,Running Shoes,2,230.92,0.2,369.47,High-Value Champions,Warm (31-90)
TXN001644,C00319,2022-01-21,Sports,Yoga Mat,1,238.11,0.0,238.11,Low-Value / At-Risk,At Risk (180+)
TXN003005,C00629,2022-01-21,Sports,Dumbbells,2,43.73,0.0,87.47,Loyal Frequent,At Risk (180+)
TXN001056,C00199,2022-01-23,Clothing,Sneakers,1,344.6,0.0,344.6,High-Value Champions,Warm (31-90)
TXN002638,C00546,2022-01-24,Clothing,Jacket,3,199.72,0.15,509.3,Loyal Frequent,Cool (91-180)
TXN002661,C00549,2022-01-24,Beauty,Haircare,3,137.85,0.05,392.88,Loyal Frequent,Cool (91-180)
TXN000543,C00102,2022-01-25,Beauty,Skincare,2,124.11,0.0,248.22,High-Value Champions,Warm (31-90)
TXN001333,C00253,2022-01-25,Electronics,Smartwatch,2,57.55,0.1,103.59,Low-Value / At-Risk,At Risk (180+)
TXN000839,C00153,2022-01-25,Clothing,Dress,2,198.97,0.0,397.93,Loyal Frequent,At Risk (180+)
TXN003086,C00649,2022-01-25,Clothing,Jacket,2,235.52,0.1,423.93,Loyal Frequent,Warm (31-90)
TXN000767,C00137,2022-01-26,Beauty,Makeup,3,241.06,0.05,687.02,High-Value Champions,Warm (31-90)
TXN002700,C00554,2022-01-26,Beauty,Haircare,3,276.47,0.05,787.94,High-Value Champions,Cool (91-180)
TXN001545,C00297,2022-01-27,Electronics,Headphones,1,93.97,0.0,93.97,Loyal Frequent,Warm (31-90)
TXN001841,C00363,2022-01-27,Electronics,Smartwatch,2,125.38,0.1,225.68,Loyal Frequent,Cool (91-180)
TXN001624,C00316,2022-01-27,Sports,Yoga Mat,2,83.06,0.15,141.2,Loyal Frequent,Warm (31-90)
TXN002848,C00587,2022-01-28,Clothing,T-Shirt,1,68.2,0.0,68.2,Potential / Occasional,Active (0-30)
TXN002958,C00620,2022-01-28,Clothing,Dress,3,41.64,0.0,124.91,Potential / Occasional,Warm (31-90)
TXN003355,C00708,2022-01-28,Sports,Yoga Mat,2,101.65,0.0,203.31,Potential / Occasional,At Risk (180+)
TXN002046,C00405,2022-01-28,Clothing,Jeans,2,72.42,0.1,130.35,Potential / Occasional,At Risk (180+)
TXN001582,C00304,2022-01-28,Beauty,Haircare,2,58.74,0.0,117.48,Low-Value / At-Risk,At Risk (180+)
TXN000367,C00067,2022-01-28,Beauty,Makeup,1,270.07,0.0,270.07,High-Value Champions,Warm (31-90)
TXN003148,C00664,2022-01-28,Home,Bedding,2,128.62,0.15,218.66,Potential / Occasional,Cool (91-180)
TXN000956,C00179,2022-01-29,Sports,Yoga Mat,3,98.22,0.0,294.65,Potential / Occasional,At Risk (180+)
TXN000787,C00139,2022-01-29,Clothing,Sneakers,1,108.71,0.05,103.27,Potential / Occasional,Warm (31-90)
TXN001364,C00259,2022-01-29,Sports,Running Shoes,3,119.81,0.0,359.44,Potential / Occasional,At Risk (180+)
TXN003727,C00800,2022-01-29,Clothing,Jacket,2,179.38,0.0,358.76,Potential / Occasional,Cool (91-180)
TXN003130,C00659,2022-01-29,Sports,Dumbbells,2,155.9,0.0,311.8,Loyal Frequent,Cool (91-180)
TXN002773,C00569,2022-01-29,Beauty,Skincare,2,107.97,0.0,215.94,Potential / Occasional,Cool (91-180)
TXN002595,C00540,2022-01-29,Beauty,Skincare,3,174.22,0.05,496.53,Loyal Frequent,Warm (31-90)
TXN002425,C00500,2022-01-30,Beauty,Skincare,3,85.17,0.15,217.17,Low-Value / At-Risk,At Risk (180+)
TXN003350,C00707,2022-01-31,Clothing,Dress,2,116.37,0.05,221.11,Potential / Occasional,At Risk (180+)
TXN002791,C00572,2022-01-31,Clothing,Sneakers,2,179.69,0.0,359.39,Potential / Occasional,Cool (91-180)
TXN002311,C00472,2022-01-31,Clothing,Dress,1,241.87,0.0,241.87,Loyal Frequent,At Risk (180+)
TXN001329,C00252,2022-01-31,Clothing,Jacket,2,148.35,0.15,252.19,Low-Value / At-Risk,At Risk (180+)
TXN001803,C00353,2022-01-31,Sports,Dumbbells,1,106.48,0.2,85.19,Potential / Occasional,Cool (91-180)
TXN000474,C00088,2022-02-01,Clothing,Jacket,3,337.73,0.0,1013.18,High-Value Champions,Warm (31-90)
TXN001274,C00245,2022-02-02,Home,Cookware,2,269.97,0.0,539.94,Loyal Frequent,Active (0-30)
TXN000317,C00053,2022-02-02,Clothing,Sneakers,2,71.32,0.05,135.51,Loyal Frequent,At Risk (180+)
TXN003133,C00660,2022-02-02,Electronics,Smartwatch,2,35.96,0.1,64.72,Low-Value / At-Risk,At Risk (180+)
TXN003106,C00656,2022-02-02,Beauty,Haircare,2,204.53,0.0,409.06,Loyal Frequent,Cool (91-180)
TXN002659,C00548,2022-02-03,Beauty,Haircare,1,292.06,0.05,277.45,High-Value Champions,Warm (31-90)
TXN002850,C00588,2022-02-03,Clothing,Dress,3,43.39,0.1,117.16,Low-Value / At-Risk,At Risk (180+)
TXN000952,C00178,2022-02-04,Clothing,Dress,1,378.82,0.0,378.82,Loyal Frequent,Cool (91-180)
TXN001742,C00338,2022-02-04,Beauty,Skincare,1,68.92,0.0,68.92,Low-Value / At-Risk,At Risk (180+)
TXN002014,C00398,2022-02-05,Beauty,Makeup,1,16.41,0.0,16.41,Potential / Occasional,Active (0-30)
TXN000728,C00130,2022-02-05,Home,Sofa,1,133.23,0.05,126.57,High-Value Champions,Warm (31-90)
TXN003501,C00752,2022-02-05,Electronics,Laptop,3,216.78,0.15,552.8,High-Value Champions,Warm (31-90)
TXN002975,C00625,2022-02-05,Sports,Yoga Mat,1,238.6,0.0,238.6,Potential / Occasional,Warm (31-90)
TXN000258,C00044,2022-02-05,Home,Lamp,2,446.84,0.05,848.99,High-Value Champions,Cool (91-180)
TXN000595,C00110,2022-02-06,Electronics,Tablet,2,220.15,0.05,418.29,Potential / Occasional,At Risk (180+)
TXN001018,C00193,2022-02-06,Clothing,Sneakers,1,288.37,0.0,288.37,High-Value Champions,Warm (31-90)
TXN002412,C00497,2022-02-06,Beauty,Makeup,1,398.54,0.0,398.54,High-Value Champions,At Risk (180+)
TXN002377,C00490,2022-02-06,Electronics,Laptop,2,60.76,0.05,115.45,Potential / Occasional,Active (0-30)
TXN003680,C00790,2022-02-07,Home,Cookware,2,68.62,0.05,130.37,Potential / Occasional,Cool (91-180)
TXN000894,C00163,2022-02-07,Beauty,Perfume,1,289.27,0.0,289.27,Loyal Frequent,At Risk (180+)
TXN003507,C00753,2022-02-07,Home,Cookware,3,46.57,0.0,139.7,Potential / Occasional,At Risk (180+)
TXN002590,C00540,2022-02-07,Sports,Dumbbells,3,55.78,0.0,167.35,Loyal Frequent,Warm (31-90)
TXN003711,C00797,2022-02-07,Clothing,Dress,2,111.79,0.1,201.21,Loyal Frequent,Active (0-30)
TXN002657,C00548,2022-02-08,Home,Lamp,3,442.32,0.15,1127.91,High-Value Champions,Warm (31-90)
TXN002329,C00475,2022-02-08,Electronics,Smartphone,2,71.48,0.1,128.66,Potential / Occasional,At Risk (180+)
TXN000733,C00131,2022-02-08,Sports,Running Shoes,2,61.58,0.0,123.16,Loyal Frequent,Warm (31-90)
TXN002573,C00537,2022-02-08,Electronics,Smartphone,2,89.25,0.2,142.79,Potential / Occasional,At Risk (180+)
TXN002552,C00531,2022-02-08,Beauty,Haircare,3,103.66,0.0,310.99,Potential / Occasional,At Risk (180+)
TXN000540,C00101,2022-02-08,Sports,Running Shoes,3,141.53,0.1,382.14,Loyal Frequent,At Risk (180+)
TXN000020,C00005,2022-02-09,Electronics,Smartwatch,2,54.43,0.0,108.86,Loyal Frequent,At Risk (180+)
TXN003008,C00631,2022-02-09,Home,Decor,3,410.33,0.0,1231.0,Loyal Frequent,Warm (31-90)
TXN001998,C00395,2022-02-10,Clothing,Dress,1,48.28,0.0,48.28,Loyal Frequent,At Risk (180+)
TXN001225,C00235,2022-02-10,Home,Sofa,2,63.16,0.05,120.0,Low-Value / At-Risk,At Risk (180+)
TXN001099,C00207,2022-02-10,Beauty,Makeup,2,44.37,0.1,79.86,Potential / Occasional,Cool (91-180)
TXN001957,C00387,2022-02-11,Home,Cookware,2,259.48,0.0,518.95,High-Value Champions,Warm (31-90)
TXN000599,C00111,2022-02-11,Clothing,Dress,3,109.14,0.15,278.3,Potential / Occasional,Cool (91-180)
TXN003509,C00754,2022-02-11,Electronics,Headphones,2,164.24,0.0,328.49,High-Value Champions,Active (0-30)
TXN002135,C00427,2022-02-12,Electronics,Smartphone,2,320.04,0.0,640.07,High-Value Champions,Warm (31-90)
TXN003045,C00638,2022-02-12,Electronics,Smartphone,3,151.32,0.2,363.17,High-Value Champions,Warm (31-90)
TXN001082,C00202,2022-02-12,Beauty,Makeup,3,245.31,0.0,735.92,Loyal Frequent,Cool (91-180)
TXN000267,C00046,2022-02-12,Home,Decor,3,40.01,0.0,120.02,Potential / Occasional,At Risk (180+)
TXN001754,C00342,2022-02-13,Home,Cookware,3,138.15,0.0,414.44,Potential / Occasional,At Risk (180+)
TXN003270,C00687,2022-02-13,Beauty,Haircare,1,83.82,0.0,83.82,Loyal Frequent,At Risk (180+)
TXN000644,C00119,2022-02-14,Home,Lamp,2,195.31,0.0,390.62,Potential / Occasional,Cool (91-180)
TXN002185,C00439,2022-02-15,Home,Cookware,1,241.4,0.15,205.19,Potential / Occasional,Cool (91-180)
TXN000717,C00130,2022-02-15,Electronics,Headphones,2,366.59,0.05,696.52,High-Value Champions,Warm (31-90)
TXN002126,C00427,2022-02-15,Electronics,Laptop,2,396.77,0.1,714.19,High-Value Champions,Warm (31-90)
TXN002712,C00554,2022-02-17,Clothing,T-Shirt,1,366.86,0.0,366.86,High-Value Champions,Cool (91-180)
TXN000099,C00014,2022-02-17,Home,Sofa,3,230.52,0.05,656.98,High-Value Champions,Active (0-30)
TXN001180,C00223,2022-02-18,Sports,Running Shoes,3,177.17,0.0,531.51,Loyal Frequent,Cool (91-180)
TXN001402,C00270,2022-02-18,Electronics,Laptop,2,383.5,0.0,767.0,High-Value Champions,Warm (31-90)
TXN001880,C00371,2022-02-19,Clothing,T-Shirt,2,368.25,0.0,736.51,High-Value Champions,Active (0-30)
TXN003632,C00780,2022-02-19,Electronics,Smartwatch,2,26.84,0.0,53.67,Low-Value / At-Risk,At Risk (180+)
TXN002335,C00476,2022-02-19,Beauty,Skincare,2,132.47,0.0,264.95,Loyal Frequent,At Risk (180+)
TXN002813,C00578,2022-02-20,Electronics,Laptop,1,150.86,0.15,128.23,Loyal Frequent,Cool (91-180)
TXN002559,C00533,2022-02-20,Sports,Dumbbells,3,46.68,0.0,140.03,Loyal Frequent,At Risk (180+)
TXN002102,C00420,2022-02-20,Home,Decor,1,15.95,0.1,14.35,Low-Value / At-Risk,At Risk (180+)
TXN000446,C00084,2022-02-21,Home,Sofa,1,399.28,0.1,359.35,Loyal Frequent,At Risk (180+)
TXN003363,C00712,2022-02-21,Clothing,Dress,1,91.74,0.1,82.56,Low-Value / At-Risk,At Risk (180+)
TXN000281,C00049,2022-02-21,Home,Decor,1,262.06,0.1,235.85,Loyal Frequent,Warm (31-90)
TXN002419,C00499,2022-02-21,Clothing,Dress,3,104.17,0.0,312.5,Loyal Frequent,Active (0-30)
TXN003552,C00756,2022-02-21,Home,Lamp,3,230.75,0.0,692.25,High-Value Champions,Active (0-30)
TXN003477,C00744,2022-02-22,Clothing,Jacket,2,119.37,0.1,214.87,Low-Value / At-Risk,At Risk (180+)
TXN000105,C00017,2022-02-22,Sports,Yoga Mat,3,44.26,0.0,132.77,Low-Value / At-Risk,At Risk (180+)
TXN000842,C00153,2022-02-22,Home,Bedding,3,120.73,0.2,289.75,Loyal Frequent,At Risk (180+)
TXN003369,C00714,2022-02-22,Sports,Bicycle,2,87.47,0.0,174.94,Low-Value / At-Risk,At Risk (180+)
TXN000031,C00007,2022-02-23,Beauty,Makeup,3,222.9,0.0,668.7,High-Value Champions,Active (0-30)
TXN000210,C00040,2022-02-23,Clothing,Jeans,1,159.07,0.0,159.07,High-Value Champions,Warm (31-90)
TXN001432,C00276,2022-02-23,Home,Sofa,3,50.98,0.0,152.93,Loyal Frequent,At Risk (180+)
TXN003441,C00732,2022-02-23,Home,Decor,2,85.41,0.0,170.82,Low-Value / At-Risk,At Risk (180+)
TXN003371,C00715,2022-02-24,Home,Sofa,1,59.09,0.0,59.09,Low-Value / At-Risk,At Risk (180+)
TXN002230,C00454,2022-02-24,Beauty,Makeup,3,189.79,0.0,569.36,High-Value Champions,At Risk (180+)
TXN001230,C00236,2022-02-24,Clothing,Jeans,3,214.93,0.0,644.79,Loyal Frequent,At Risk (180+)
TXN002679,C00551,2022-02-24,Sports,Yoga Mat,2,267.51,0.0,535.02,High-Value Champions,Warm (31-90)
TXN001579,C00303,2022-02-24,Clothing,Jacket,2,49.18,0.05,93.44,Low-Value / At-Risk,At Risk (180+)
TXN000479,C00088,2022-02-25,Home,Bedding,3,297.01,0.1,801.93,High-Value Champions,Warm (31-90)
TXN002578,C00539,2022-02-25,Home,Lamp,2,374.39,0.0,748.77,Loyal Frequent,At Risk (180+)
TXN001007,C00190,2022-02-25,Beauty,Makeup,2,305.72,0.0,611.43,Loyal Frequent,Warm (31-90)
TXN003554,C00757,2022-02-26,Home,Decor,3,22.67,0.15,57.82,Low-Value / At-Risk,At Risk (180+)
TXN001680,C00328,2022-02-26,Beauty,Makeup,2,267.83,0.0,535.65,High-Value Champions,Cool (91-180)
TXN000554,C00102,2022-02-26,Clothing,Jeans,2,282.51,0.05,536.77,High-Value Champions,Warm (31-90)
TXN003703,C00796,2022-02-27,Beauty,Makeup,2,159.96,0.1,287.94,Loyal Frequent,Cool (91-180)
TXN000137,C00023,2022-02-27,Electronics,Laptop,2,248.58,0.1,447.44,Loyal Frequent,Cool (91-180)
TXN000756,C00136,2022-02-27,Clothing,Dress,2,103.38,0.1,186.08,Loyal Frequent,At Risk (180+)
TXN000275,C00048,2022-02-27,Home,Sofa,1,65.03,0.0,65.03,Potential / Occasional,At Risk (180+)
TXN000847,C00154,2022-02-28,Home,Sofa,3,376.68,0.0,1130.03,High-Value Champions,Cool (91-180)
TXN001449,C00281,2022-02-28,Home,Lamp,2,66.42,0.0,132.84,Loyal Frequent,Warm (31-90)
TXN001452,C00281,2022-02-28,Electronics,Laptop,2,230.94,0.05,438.78,Loyal Frequent,Warm (31-90)
TXN000438,C00083,2022-02-28,Beauty,Perfume,2,170.48,0.0,340.96,Loyal Frequent,Cool (91-180)
TXN001162,C00217,2022-03-01,Clothing,Sneakers,2,69.99,0.15,118.99,Low-Value / At-Risk,At Risk (180+)
TXN000037,C00007,2022-03-02,Sports,Running Shoes,1,200.07,0.1,180.06,High-Value Champions,Active (0-30)
TXN003241,C00681,2022-03-02,Home,Bedding,1,83.28,0.0,83.28,Loyal Frequent,At Risk (180+)
TXN003181,C00673,2022-03-02,Electronics,Headphones,1,247.14,0.2,197.71,Potential / Occasional,At Risk (180+)
TXN001379,C00264,2022-03-02,Clothing,Dress,1,206.36,0.0,206.36,Potential / Occasional,Active (0-30)
TXN000752,C00136,2022-03-03,Sports,Bicycle,1,235.0,0.1,211.5,Loyal Frequent,At Risk (180+)
TXN000918,C00167,2022-03-03,Electronics,Smartwatch,1,354.78,0.1,319.3,High-Value Champions,Cool (91-180)
TXN002671,C00551,2022-03-03,Clothing,Jacket,3,237.2,0.2,569.28,High-Value Champions,Warm (31-90)
TXN001396,C00269,2022-03-03,Electronics,Headphones,3,99.61,0.0,298.82,Potential / Occasional,At Risk (180+)
TXN003620,C00777,2022-03-03,Beauty,Perfume,2,77.75,0.15,132.17,Loyal Frequent,Active (0-30)
TXN001928,C00384,2022-03-04,Electronics,Tablet,1,284.43,0.0,284.43,High-Value Champions,Warm (31-90)
TXN001084,C00202,2022-03-04,Home,Bedding,1,218.79,0.05,207.85,Loyal Frequent,Cool (91-180)
TXN002969,C00623,2022-03-04,Electronics,Laptop,2,183.38,0.0,366.77,Loyal Frequent,Active (0-30)
TXN001854,C00367,2022-03-05,Home,Decor,3,88.01,0.0,264.04,Potential / Occasional,At Risk (180+)
TXN000792,C00140,2022-03-05,Sports,Yoga Mat,3,102.89,0.2,246.93,Loyal Frequent,Active (0-30)
TXN002866,C00591,2022-03-05,Home,Cookware,2,147.52,0.0,295.03,Loyal Frequent,Cool (91-180)
TXN003293,C00695,2022-03-05,Clothing,Jacket,3,147.22,0.05,419.58,Potential / Occasional,Active (0-30)
TXN003091,C00650,2022-03-06,Sports,Bicycle,2,104.12,0.0,208.23,Low-Value / At-Risk,At Risk (180+)
TXN002217,C00449,2022-03-07,Electronics,Smartwatch,2,193.64,0.15,329.18,Loyal Frequent,Cool (91-180)
TXN002930,C00610,2022-03-07,Home,Sofa,3,42.39,0.15,108.09,Potential / Occasional,At Risk (180+)
TXN001783,C00351,2022-03-08,Electronics,Smartwatch,2,325.98,0.05,619.35,High-Value Champions,Cool (91-180)
TXN003534,C00755,2022-03-08,Beauty,Perfume,1,405.71,0.1,365.14,High-Value Champions,Active (0-30)
TXN001757,C00343,2022-03-08,Home,Lamp,1,238.12,0.0,238.12,Loyal Frequent,Cool (91-180)
TXN000712,C00130,2022-03-08,Home,Decor,2,302.83,0.05,575.39,High-Value Champions,Warm (31-90)
TXN000731,C00131,2022-03-09,Home,Decor,1,233.98,0.0,233.98,Loyal Frequent,Warm (31-90)
TXN000567,C00104,2022-03-09,Home,Lamp,3,216.11,0.0,648.32,Potential / Occasional,Active (0-30)
TXN000506,C00095,2022-03-09,Electronics,Headphones,3,90.09,0.05,256.75,Low-Value / At-Risk,At Risk (180+)
TXN002100,C00419,2022-03-10,Electronics,Smartphone,3,50.38,0.0,151.15,Loyal Frequent,Cool (91-180)
TXN000800,C00144,2022-03-10,Clothing,Dress,3,100.72,0.0,302.16,Potential / Occasional,Warm (31-90)
TXN000812,C00146,2022-03-10,Home,Bedding,2,248.33,0.15,422.17,Loyal Frequent,At Risk (180+)
TXN002748,C00562,2022-03-10,Home,Sofa,1,414.39,0.05,393.67,High-Value Champions,Cool (91-180)
TXN001750,C00341,2022-03-10,Beauty,Skincare,3,94.63,0.0,283.9,Potential / Occasional,At Risk (180+)
TXN003320,C00700,2022-03-12,Home,Bedding,2,28.02,0.05,53.24,Potential / Occasional,At Risk (180+)
TXN002970,C00623,2022-03-12,Clothing,T-Shirt,2,133.28,0.0,266.55,Loyal Frequent,Active (0-30)
TXN000307,C00052,2022-03-12,Sports,Dumbbells,1,300.24,0.0,300.24,High-Value Champions,At Risk (180+)
TXN002620,C00543,2022-03-12,Clothing,Sneakers,3,166.31,0.15,424.09,Loyal Frequent,At Risk (180+)
TXN003405,C00726,2022-03-13,Electronics,Smartphone,1,396.27,0.0,396.27,Loyal Frequent,Active (0-30)
TXN002534,C00525,2022-03-13,Beauty,Makeup,3,61.69,0.0,185.07,Potential / Occasional,Cool (91-180)
TXN001476,C00286,2022-03-13,Beauty,Skincare,1,281.11,0.0,281.11,High-Value Champions,Warm (31-90)
TXN000215,C00040,2022-03-13,Clothing,Jacket,3,414.57,0.05,1181.52,High-Value Champions,Warm (31-90)
TXN000491,C00092,2022-03-14,Beauty,Haircare,1,108.47,0.0,108.47,Potential / Occasional,At Risk (180+)
TXN000389,C00069,2022-03-14,Sports,Yoga Mat,2,361.2,0.05,686.28,High-Value Champions,Warm (31-90)
TXN003546,C00756,2022-03-15,Beauty,Makeup,2,268.17,0.15,455.9,High-Value Champions,Active (0-30)
TXN002632,C00545,2022-03-15,Beauty,Haircare,3,41.74,0.15,106.45,Loyal Frequent,At Risk (180+)
TXN001115,C00212,2022-03-15,Home,Sofa,1,78.41,0.0,78.41,Potential / Occasional,Warm (31-90)
TXN000352,C00062,2022-03-17,Electronics,Smartphone,3,91.74,0.0,275.22,Potential / Occasional,At Risk (180+)
TXN002803,C00577,2022-03-17,Sports,Yoga Mat,2,188.19,0.1,338.74,Loyal Frequent,At Risk (180+)
TXN001860,C00368,2022-03-17,Electronics,Tablet,2,92.35,0.05,175.47,Loyal Frequent,Warm (31-90)
TXN001332,C00252,2022-03-17,Electronics,Laptop,1,238.26,0.0,238.26,Low-Value / At-Risk,At Risk (180+)
TXN001539,C00296,2022-03-17,Sports,Yoga Mat,1,178.96,0.0,178.96,Loyal Frequent,Cool (91-180)
TXN002383,C00493,2022-03-18,Electronics,Laptop,3,222.56,0.0,667.68,Loyal Frequent,Warm (31-90)
TXN001931,C00384,2022-03-18,Home,Decor,1,354.81,0.0,354.81,High-Value Champions,Warm (31-90)
TXN003120,C00658,2022-03-18,Beauty,Skincare,3,145.15,0.2,348.35,Loyal Frequent,Cool (91-180)
TXN001992,C00392,2022-03-19,Beauty,Skincare,1,41.52,0.0,41.52,Low-Value / At-Risk,At Risk (180+)
TXN000513,C00097,2022-03-19,Beauty,Perfume,2,292.22,0.15,496.77,High-Value Champions,Cool (91-180)
TXN001818,C00359,2022-03-19,Home,Cookware,2,167.89,0.05,318.99,Potential / Occasional,At Risk (180+)
TXN000472,C00088,2022-03-20,Electronics,Tablet,1,312.57,0.0,312.57,High-Value Champions,Warm (31-90)
TXN002221,C00450,2022-03-20,Home,Lamp,3,76.82,0.1,207.41,Low-Value / At-Risk,At Risk (180+)
TXN000781,C00138,2022-03-20,Electronics,Laptop,1,253.27,0.15,215.28,High-Value Champions,Active (0-30)
TXN003629,C00779,2022-03-20,Clothing,Dress,1,97.69,0.15,83.04,Loyal Frequent,At Risk (180+)
TXN002008,C00397,2022-03-20,Beauty,Makeup,2,112.36,0.0,224.72,Potential / Occasional,Cool (91-180)
TXN000423,C00080,2022-03-20,Electronics,Headphones,1,115.01,0.0,115.01,Potential / Occasional,Active (0-30)
TXN001441,C00280,2022-03-21,Home,Lamp,2,53.84,0.0,107.67,Loyal Frequent,At Risk (180+)
TXN002982,C00627,2022-03-22,Sports,Bicycle,3,118.72,0.0,356.16,Loyal Frequent,Cool (91-180)
TXN001788,C00351,2022-03-22,Home,Decor,1,195.49,0.0,195.49,High-Value Champions,Cool (91-180)
TXN002987,C00628,2022-03-23,Home,Lamp,2,349.49,0.1,629.09,High-Value Champions,Cool (91-180)
TXN001820,C00359,2022-03-23,Home,Bedding,1,186.63,0.0,186.63,Potential / Occasional,At Risk (180+)
TXN002168,C00435,2022-03-23,Electronics,Smartwatch,1,331.15,0.0,331.15,High-Value Champions,Cool (91-180)
TXN001513,C00292,2022-03-23,Beauty,Skincare,1,85.72,0.05,81.43,Potential / Occasional,Cool (91-180)
TXN001393,C00268,2022-03-23,Clothing,Jeans,2,96.5,0.0,193.0,Potential / Occasional,Warm (31-90)
TXN000673,C00123,2022-03-23,Beauty,Skincare,2,161.52,0.05,306.89,High-Value Champions,Active (0-30)
TXN000450,C00085,2022-03-24,Home,Sofa,1,238.42,0.0,238.42,Loyal Frequent,Warm (31-90)
TXN002272,C00461,2022-03-24,Beauty,Haircare,2,242.35,0.0,484.69,Potential / Occasional,At Risk (180+)
TXN002722,C00557,2022-03-25,Home,Cookware,1,152.96,0.0,152.96,Loyal Frequent,Active (0-30)
TXN000658,C00121,2022-03-25,Electronics,Smartphone,1,218.88,0.0,218.88,Low-Value / At-Risk,At Risk (180+)
TXN001739,C00336,2022-03-25,Sports,Yoga Mat,3,234.87,0.1,634.14,Loyal Frequent,At Risk (180+)
TXN003600,C00774,2022-03-25,Beauty,Skincare,2,148.58,0.05,282.29,Loyal Frequent,Warm (31-90)
TXN001999,C00395,2022-03-25,Electronics,Laptop,3,182.52,0.05,520.17,Loyal Frequent,At Risk (180+)
TXN002694,C00553,2022-03-26,Home,Lamp,3,151.55,0.1,409.19,Loyal Frequent,Warm (31-90)
TXN003693,C00794,2022-03-26,Sports,Bicycle,2,196.28,0.05,372.93,Potential / Occasional,Active (0-30)
TXN002372,C00487,2022-03-26,Beauty,Perfume,2,42.31,0.0,84.62,Low-Value / At-Risk,At Risk (180+)
TXN001250,C00240,2022-03-26,Home,Cookware,2,371.95,0.1,669.5,Loyal Frequent,At Risk (180+)
TXN002834,C00585,2022-03-27,Electronics,Laptop,1,233.28,0.05,221.62,High-Value Champions,Cool (91-180)
TXN001133,C00213,2022-03-27,Sports,Bicycle,1,353.26,0.0,353.26,High-Value Champions,Active (0-30)
TXN000537,C00100,2022-03-27,Home,Sofa,3,110.63,0.0,331.88,Potential / Occasional,At Risk (180+)
TXN001913,C00381,2022-03-27,Home,Sofa,3,27.43,0.1,74.05,Low-Value / At-Risk,At Risk (180+)
TXN003353,C00708,2022-03-27,Beauty,Skincare,2,243.85,0.0,487.71,Potential / Occasional,At Risk (180+)
TXN002306,C00472,2022-03-27,Sports,Dumbbells,2,333.71,0.05,634.05,Loyal Frequent,At Risk (180+)
TXN002091,C00417,2022-03-28,Home,Cookware,3,99.65,0.15,254.11,Loyal Frequent,Cool (91-180)
TXN000510,C00096,2022-03-28,Beauty,Perfume,3,90.89,0.0,272.68,Loyal Frequent,Warm (31-90)
TXN002702,C00554,2022-03-28,Home,Sofa,3,330.93,0.1,893.5,High-Value Champions,Cool (91-180)
TXN000548,C00102,2022-03-29,Sports,Bicycle,2,308.37,0.0,616.74,High-Value Champions,Warm (31-90)
TXN002907,C00601,2022-03-29,Beauty,Haircare,3,127.91,0.0,383.72,Low-Value / At-Risk,At Risk (180+)
TXN000638,C00117,2022-03-29,Beauty,Haircare,3,29.59,0.0,88.78,Low-Value / At-Risk,At Risk (180+)
TXN003025,C00635,2022-03-29,Electronics,Smartphone,3,246.61,0.0,739.82,Loyal Frequent,At Risk (180+)
TXN000392,C00069,2022-03-30,Clothing,Jacket,3,136.2,0.0,408.59,High-Value Champions,Warm (31-90)
TXN001286,C00247,2022-03-30,Clothing,T-Shirt,1,18.3,0.05,17.39,Potential / Occasional,At Risk (180+)
TXN003172,C00669,2022-03-31,Electronics,Tablet,3,66.38,0.1,179.23,Potential / Occasional,At Risk (180+)
TXN001296,C00249,2022-03-31,Sports,Running Shoes,1,412.1,0.0,412.1,High-Value Champions,Warm (31-90)
TXN002291,C00467,2022-03-31,Beauty,Makeup,2,87.26,0.1,157.06,Low-Value / At-Risk,At Risk (180+)
TXN002522,C00522,2022-03-31,Home,Lamp,3,127.37,0.15,324.81,Potential / Occasional,At Risk (180+)
TXN003640,C00782,2022-04-01,Home,Sofa,1,162.4,0.0,162.4,Potential / Occasional,Cool (91-180)
TXN000156,C00029,2022-04-01,Home,Cookware,3,112.81,0.05,321.52,Low-Value / At-Risk,At Risk (180+)
TXN001823,C00361,2022-04-01,Electronics,Tablet,2,185.31,0.0,370.61,High-Value Champions,Warm (31-90)
TXN002565,C00534,2022-04-02,Electronics,Laptop,1,171.76,0.0,171.76,Potential / Occasional,Cool (91-180)
TXN002138,C00428,2022-04-02,Sports,Bicycle,2,147.37,0.0,294.74,Loyal Frequent,Warm (31-90)
TXN000520,C00097,2022-04-03,Home,Cookware,2,186.0,0.0,371.99,High-Value Champions,Cool (91-180)
TXN002231,C00454,2022-04-03,Sports,Yoga Mat,1,151.06,0.05,143.5,High-Value Champions,At Risk (180+)
TXN001463,C00284,2022-04-05,Electronics,Smartwatch,1,29.82,0.0,29.82,Low-Value / At-Risk,At Risk (180+)
TXN000607,C00112,2022-04-05,Home,Decor,1,408.35,0.1,367.51,Loyal Frequent,Active (0-30)
TXN001370,C00262,2022-04-05,Home,Bedding,2,102.32,0.0,204.63,Low-Value / At-Risk,At Risk (180+)
TXN002363,C00485,2022-04-05,Clothing,T-Shirt,2,248.02,0.1,446.44,Loyal Frequent,At Risk (180+)
TXN000089,C00014,2022-04-06,Electronics,Headphones,2,137.71,0.1,247.88,High-Value Champions,Active (0-30)
TXN002932,C00611,2022-04-06,Electronics,Headphones,2,39.13,0.0,78.26,Low-Value / At-Risk,At Risk (180+)
TXN000930,C00168,2022-04-06,Home,Sofa,2,66.75,0.1,120.16,Potential / Occasional,Active (0-30)
TXN000682,C00125,2022-04-07,Electronics,Headphones,3,449.33,0.1,1213.2,High-Value Champions,Warm (31-90)
TXN002635,C00546,2022-04-07,Electronics,Tablet,2,444.68,0.0,889.37,Loyal Frequent,Cool (91-180)
TXN002641,C00546,2022-04-07,Electronics,Laptop,1,163.56,0.0,163.56,Loyal Frequent,Cool (91-180)
TXN003119,C00657,2022-04-07,Electronics,Tablet,2,232.42,0.2,371.87,Loyal Frequent,At Risk (180+)
TXN001407,C00270,2022-04-07,Sports,Yoga Mat,2,233.84,0.0,467.67,High-Value Champions,Warm (31-90)
TXN001570,C00301,2022-04-08,Electronics,Headphones,3,193.22,0.05,550.68,Loyal Frequent,Cool (91-180)
TXN002577,C00539,2022-04-09,Clothing,T-Shirt,3,163.78,0.2,393.08,Loyal Frequent,At Risk (180+)
TXN000917,C00167,2022-04-09,Electronics,Laptop,3,410.06,0.05,1168.68,High-Value Champions,Cool (91-180)
TXN002070,C00410,2022-04-09,Sports,Bicycle,1,33.73,0.0,33.73,Potential / Occasional,Cool (91-180)
TXN002490,C00517,2022-04-10,Beauty,Haircare,2,114.2,0.05,216.97,Loyal Frequent,Warm (31-90)
TXN000741,C00134,2022-04-10,Electronics,Smartwatch,2,223.89,0.15,380.62,Loyal Frequent,Cool (91-180)
TXN000869,C00158,2022-04-10,Sports,Yoga Mat,1,365.95,0.0,365.95,Loyal Frequent,At Risk (180+)
TXN000578,C00106,2022-04-11,Home,Sofa,1,131.25,0.15,111.56,Loyal Frequent,Warm (31-90)
TXN001127,C00213,2022-04-11,Electronics,Tablet,3,415.99,0.0,1247.97,High-Value Champions,Active (0-30)
TXN001583,C00305,2022-04-11,Beauty,Skincare,1,78.65,0.0,78.65,Low-Value / At-Risk,At Risk (180+)
TXN002143,C00429,2022-04-11,Clothing,Sneakers,2,46.96,0.0,93.92,Low-Value / At-Risk,At Risk (180+)
TXN001350,C00258,2022-04-11,Clothing,Dress,1,228.06,0.05,216.65,High-Value Champions,Warm (31-90)
TXN002817,C00579,2022-04-12,Clothing,Jeans,1,119.81,0.0,119.81,Potential / Occasional,Cool (91-180)
TXN003322,C00702,2022-04-12,Home,Cookware,1,114.03,0.05,108.33,Loyal Frequent,Warm (31-90)
TXN000883,C00161,2022-04-15,Electronics,Laptop,2,137.03,0.0,274.06,Loyal Frequent,Cool (91-180)
TXN001011,C00191,2022-04-15,Sports,Dumbbells,2,132.12,0.1,237.82,Potential / Occasional,At Risk (180+)
TXN001125,C00213,2022-04-15,Clothing,Sneakers,1,170.56,0.0,170.56,High-Value Champions,Active (0-30)
TXN002263,C00459,2022-04-15,Beauty,Haircare,1,216.3,0.0,216.3,Loyal Frequent,Warm (31-90)
TXN002024,C00400,2022-04-16,Clothing,Jacket,1,192.27,0.0,192.27,Loyal Frequent,Cool (91-180)
TXN003225,C00678,2022-04-17,Sports,Dumbbells,3,94.85,0.1,256.1,Low-Value / At-Risk,At Risk (180+)
TXN003044,C00638,2022-04-17,Sports,Running Shoes,2,109.15,0.0,218.3,High-Value Champions,Warm (31-90)
TXN002835,C00585,2022-04-17,Home,Lamp,2,287.18,0.0,574.37,High-Value Champions,Cool (91-180)
TXN000128,C00021,2022-04-17,Electronics,Tablet,2,208.3,0.0,416.61,Potential / Occasional,At Risk (180+)
TXN003657,C00786,2022-04-18,Beauty,Perfume,3,375.96,0.0,1127.88,Loyal Frequent,Active (0-30)
TXN001936,C00384,2022-04-18,Clothing,Dress,3,158.45,0.15,404.05,High-Value Champions,Warm (31-90)
TXN000628,C00116,2022-04-19,Sports,Running Shoes,3,266.67,0.0,800.0,High-Value Champions,Warm (31-90)
TXN003232,C00680,2022-04-19,Clothing,Sneakers,1,150.6,0.2,120.48,Loyal Frequent,At Risk (180+)
TXN003342,C00705,2022-04-20,Sports,Yoga Mat,1,163.09,0.15,138.63,Loyal Frequent,Warm (31-90)
TXN000542,C00101,2022-04-20,Sports,Bicycle,2,213.88,0.0,427.75,Loyal Frequent,At Risk (180+)
TXN000084,C00014,2022-04-20,Clothing,T-Shirt,1,313.31,0.0,313.31,High-Value Champions,Active (0-30)
TXN002738,C00562,2022-04-20,Clothing,Jacket,3,159.18,0.0,477.54,High-Value Champions,Cool (91-180)
TXN002426,C00500,2022-04-21,Clothing,Jeans,3,215.66,0.0,646.98,Low-Value / At-Risk,At Risk (180+)
TXN002585,C00539,2022-04-21,Electronics,Laptop,3,329.15,0.0,987.46,Loyal Frequent,At Risk (180+)
TXN001681,C00328,2022-04-22,Electronics,Headphones,2,237.46,0.0,474.91,High-Value Champions,Cool (91-180)
TXN002491,C00518,2022-04-22,Electronics,Tablet,1,372.27,0.1,335.04,High-Value Champions,Cool (91-180)
TXN003706,C00796,2022-04-22,Beauty,Makeup,1,127.74,0.1,114.97,Loyal Frequent,Cool (91-180)
TXN001798,C00352,2022-04-22,Electronics,Laptop,2,143.34,0.1,258.01,Loyal Frequent,At Risk (180+)
TXN002347,C00482,2022-04-22,Home,Bedding,1,226.18,0.0,226.18,Loyal Frequent,Warm (31-90)
TXN002456,C00507,2022-04-23,Clothing,Jacket,2,246.74,0.0,493.48,Potential / Occasional,At Risk (180+)
TXN000975,C00185,2022-04-23,Beauty,Haircare,1,254.16,0.0,254.16,Loyal Frequent,Cool (91-180)
TXN000937,C00174,2022-04-23,Beauty,Perfume,3,18.45,0.15,47.05,Low-Value / At-Risk,At Risk (180+)
TXN002402,C00497,2022-04-23,Clothing,Jacket,3,229.19,0.0,687.58,High-Value Champions,At Risk (180+)
TXN000336,C00058,2022-04-23,Clothing,Dress,1,318.86,0.0,318.86,High-Value Champions,Active (0-30)
TXN003558,C00759,2022-04-23,Clothing,Jacket,2,24.08,0.0,48.17,Low-Value / At-Risk,At Risk (180+)
TXN002314,C00473,2022-04-23,Clothing,Jacket,1,239.92,0.0,239.92,Loyal Frequent,Warm (31-90)
TXN001837,C00362,2022-04-24,Sports,Running Shoes,3,223.08,0.0,669.23,Loyal Frequent,At Risk (180+)
TXN002639,C00546,2022-04-24,Clothing,Sneakers,3,380.45,0.1,1027.22,Loyal Frequent,Cool (91-180)
TXN003205,C00676,2022-04-25,Sports,Running Shoes,2,176.46,0.0,352.91,Loyal Frequent,At Risk (180+)
TXN002878,C00594,2022-04-25,Electronics,Laptop,1,192.43,0.0,192.43,Potential / Occasional,Active (0-30)
TXN000928,C00167,2022-04-26,Home,Sofa,2,101.55,0.05,192.94,High-Value Champions,Cool (91-180)
TXN000416,C00079,2022-04-26,Home,Lamp,1,138.45,0.15,117.68,Loyal Frequent,Cool (91-180)
TXN000207,C00040,2022-04-26,Electronics,Tablet,2,204.18,0.0,408.36,High-Value Champions,Warm (31-90)
TXN003211,C00677,2022-04-26,Electronics,Smartwatch,2,88.19,0.0,176.38,High-Value Champions,Active (0-30)
TXN000716,C00130,2022-04-27,Electronics,Headphones,2,92.37,0.0,184.73,High-Value Champions,Warm (31-90)
TXN002385,C00493,2022-04-27,Sports,Bicycle,3,68.01,0.05,193.84,Loyal Frequent,Warm (31-90)
TXN001195,C00227,2022-04-27,Home,Decor,3,188.39,0.05,536.93,Potential / Occasional,At Risk (180+)
TXN002431,C00502,2022-04-28,Home,Bedding,2,47.87,0.05,90.96,Loyal Frequent,Warm (31-90)
TXN000293,C00050,2022-04-28,Home,Decor,2,192.12,0.05,365.02,High-Value Champions,Warm (31-90)
TXN003360,C00711,2022-04-29,Home,Lamp,1,43.23,0.1,38.91,Low-Value / At-Risk,At Risk (180+)
TXN003374,C00717,2022-04-30,Electronics,Smartphone,1,77.62,0.0,77.62,Low-Value / At-Risk,At Risk (180+)
TXN001240,C00239,2022-05-01,Beauty,Perfume,2,128.02,0.0,256.04,Loyal Frequent,Active (0-30)
TXN000786,C00139,2022-05-01,Beauty,Haircare,1,90.34,0.2,72.28,Potential / Occasional,Warm (31-90)
TXN000454,C00085,2022-05-02,Clothing,Dress,2,190.28,0.05,361.54,Loyal Frequent,Warm (31-90)
TXN000181,C00036,2022-05-02,Home,Cookware,1,102.53,0.0,102.53,Low-Value / At-Risk,At Risk (180+)
TXN001438,C00279,2022-05-02,Home,Lamp,3,109.36,0.15,278.88,Loyal Frequent,Warm (31-90)
TXN000848,C00154,2022-05-03,Clothing,Jeans,3,353.94,0.1,955.64,High-Value Champions,Cool (91-180)
TXN002949,C00616,2022-05-03,Electronics,Smartwatch,1,88.73,0.1,79.86,Low-Value / At-Risk,At Risk (180+)
TXN003006,C00629,2022-05-03,Electronics,Headphones,2,219.25,0.15,372.72,Loyal Frequent,At Risk (180+)
TXN003562,C00760,2022-05-04,Sports,Dumbbells,3,270.38,0.15,689.48,Loyal Frequent,At Risk (180+)
TXN001161,C00217,2022-05-04,Home,Decor,3,99.78,0.0,299.35,Low-Value / At-Risk,At Risk (180+)
TXN003463,C00739,2022-05-04,Beauty,Perfume,2,44.81,0.1,80.66,Low-Value / At-Risk,At Risk (180+)
TXN002269,C00459,2022-05-05,Beauty,Skincare,1,380.85,0.05,361.81,Loyal Frequent,Warm (31-90)
TXN000464,C00087,2022-05-05,Electronics,Smartphone,2,61.96,0.05,117.72,Potential / Occasional,At Risk (180+)
TXN002631,C00545,2022-05-06,Home,Lamp,3,183.68,0.0,551.05,Loyal Frequent,At Risk (180+)
TXN001108,C00210,2022-05-06,Clothing,Dress,3,235.88,0.0,707.65,Low-Value / At-Risk,At Risk (180+)
TXN000477,C00088,2022-05-06,Electronics,Laptop,1,169.48,0.0,169.48,High-Value Champions,Warm (31-90)
TXN003134,C00660,2022-05-06,Beauty,Perfume,2,83.96,0.1,151.12,Low-Value / At-Risk,At Risk (180+)
TXN000677,C00123,2022-05-08,Electronics,Headphones,3,244.59,0.0,733.77,High-Value Champions,Active (0-30)
TXN003301,C00696,2022-05-08,Home,Lamp,3,91.71,0.0,275.13,Loyal Frequent,At Risk (180+)
TXN000481,C00089,2022-05-10,Sports,Yoga Mat,2,54.71,0.15,93.01,Potential / Occasional,Warm (31-90)
TXN000755,C00136,2022-05-10,Beauty,Perfume,1,170.17,0.1,153.15,Loyal Frequent,At Risk (180+)
TXN003138,C00662,2022-05-10,Home,Cookware,2,167.54,0.1,301.57,Potential / Occasional,At Risk (180+)
TXN002678,C00551,2022-05-10,Home,Sofa,3,103.97,0.0,311.9,High-Value Champions,Warm (31-90)
TXN002853,C00589,2022-05-11,Electronics,Tablet,2,116.64,0.05,221.61,Loyal Frequent,At Risk (180+)
TXN000277,C00049,2022-05-11,Beauty,Skincare,1,353.25,0.05,335.58,Loyal Frequent,Warm (31-90)
TXN001805,C00354,2022-05-12,Electronics,Tablet,1,142.27,0.2,113.82,Loyal Frequent,At Risk (180+)
TXN001573,C00301,2022-05-12,Sports,Dumbbells,3,278.75,0.0,836.26,Loyal Frequent,Cool (91-180)
TXN003335,C00704,2022-05-12,Home,Bedding,3,121.96,0.0,365.87,Loyal Frequent,Warm (31-90)
TXN001710,C00333,2022-05-13,Clothing,Dress,2,335.15,0.0,670.31,High-Value Champions,Active (0-30)
TXN003253,C00684,2022-05-13,Electronics,Smartphone,3,105.51,0.15,269.06,Potential / Occasional,Cool (91-180)
TXN002596,C00541,2022-05-13,Electronics,Laptop,2,164.59,0.0,329.17,Loyal Frequent,At Risk (180+)
TXN001096,C00206,2022-05-13,Sports,Dumbbells,1,95.51,0.0,95.51,Low-Value / At-Risk,At Risk (180+)
TXN002589,C00540,2022-05-13,Clothing,Jacket,2,133.79,0.0,267.57,Loyal Frequent,Warm (31-90)
TXN001657,C00321,2022-05-13,Home,Sofa,2,235.47,0.05,447.39,Potential / Occasional,At Risk (180+)
TXN002321,C00474,2022-05-13,Sports,Yoga Mat,3,163.54,0.05,466.1,Loyal Frequent,At Risk (180+)
TXN000932,C00169,2022-05-13,Home,Cookware,2,54.76,0.0,109.52,Low-Value / At-Risk,At Risk (180+)
TXN003628,C00779,2022-05-13,Home,Sofa,2,283.78,0.0,567.57,Loyal Frequent,At Risk (180+)
TXN003124,C00658,2022-05-13,Sports,Dumbbells,3,113.65,0.05,323.9,Loyal Frequent,Cool (91-180)
TXN001209,C00230,2022-05-14,Beauty,Perfume,1,335.17,0.0,335.17,Loyal Frequent,Cool (91-180)
TXN003276,C00688,2022-05-15,Clothing,Dress,3,78.55,0.0,235.64,Loyal Frequent,At Risk (180+)
TXN002630,C00545,2022-05-16,Beauty,Perfume,3,212.23,0.0,636.7,Loyal Frequent,At Risk (180+)
TXN003660,C00786,2022-05-16,Sports,Dumbbells,2,235.05,0.0,470.1,Loyal Frequent,Active (0-30)
TXN002707,C00554,2022-05-17,Home,Bedding,2,221.08,0.0,442.17,High-Value Champions,Cool (91-180)
TXN000890,C00163,2022-05-17,Beauty,Makeup,3,132.83,0.2,318.79,Loyal Frequent,At Risk (180+)
TXN000284,C00049,2022-05-17,Sports,Bicycle,3,111.83,0.1,301.95,Loyal Frequent,Warm (31-90)
TXN002893,C00597,2022-05-18,Beauty,Perfume,1,222.87,0.0,222.87,Loyal Frequent,At Risk (180+)
TXN003418,C00727,2022-05-19,Clothing,T-Shirt,2,95.27,0.05,181.01,Loyal Frequent,Cool (91-180)
TXN000133,C00023,2022-05-19,Beauty,Skincare,1,188.23,0.2,150.58,Loyal Frequent,Cool (91-180)
TXN000789,C00140,2022-05-19,Clothing,Jeans,2,183.79,0.1,330.83,Loyal Frequent,Active (0-30)
TXN003487,C00749,2022-05-19,Electronics,Laptop,1,93.99,0.1,84.59,Potential / Occasional,At Risk (180+)
TXN000126,C00021,2022-05-20,Home,Lamp,2,192.17,0.15,326.68,Potential / Occasional,At Risk (180+)
TXN003175,C00670,2022-05-20,Clothing,Sneakers,3,95.5,0.0,286.51,Low-Value / At-Risk,At Risk (180+)
TXN001468,C00286,2022-05-20,Beauty,Haircare,1,387.17,0.05,367.81,High-Value Champions,Warm (31-90)
TXN000553,C00102,2022-05-20,Electronics,Laptop,1,422.12,0.0,422.12,High-Value Champions,Warm (31-90)
TXN000738,C00132,2022-05-20,Sports,Dumbbells,2,66.37,0.0,132.74,Low-Value / At-Risk,At Risk (180+)
TXN000639,C00117,2022-05-20,Electronics,Laptop,2,114.59,0.0,229.19,Low-Value / At-Risk,At Risk (180+)
TXN003473,C00743,2022-05-20,Sports,Yoga Mat,2,50.02,0.0,100.04,Potential / Occasional,At Risk (180+)
TXN003583,C00766,2022-05-21,Home,Decor,2,49.29,0.0,98.58,Loyal Frequent,At Risk (180+)
TXN003341,C00705,2022-05-21,Sports,Yoga Mat,3,284.34,0.0,853.02,Loyal Frequent,Warm (31-90)
TXN000003,C00001,2022-05-21,Beauty,Makeup,2,222.81,0.0,445.62,Potential / Occasional,At Risk (180+)
TXN001875,C00371,2022-05-22,Clothing,T-Shirt,2,143.87,0.15,244.57,High-Value Champions,Active (0-30)
TXN002094,C00418,2022-05-22,Sports,Bicycle,3,17.15,0.05,48.88,Potential / Occasional,At Risk (180+)
TXN003316,C00698,2022-05-22,Electronics,Smartphone,3,112.94,0.0,338.81,Low-Value / At-Risk,At Risk (180+)
TXN001295,C00249,2022-05-23,Home,Decor,3,126.93,0.0,380.8,High-Value Champions,Warm (31-90)
TXN002184,C00438,2022-05-23,Clothing,Jacket,1,99.67,0.0,99.67,Potential / Occasional,At Risk (180+)
TXN002957,C00619,2022-05-23,Electronics,Tablet,1,102.3,0.05,97.19,Potential / Occasional,Warm (31-90)
TXN001112,C00212,2022-05-24,Beauty,Haircare,2,208.56,0.05,396.26,Potential / Occasional,Warm (31-90)
TXN002146,C00430,2022-05-24,Home,Lamp,2,150.99,0.0,301.99,Loyal Frequent,Active (0-30)
TXN001229,C00236,2022-05-24,Sports,Running Shoes,2,157.06,0.1,282.71,Loyal Frequent,At Risk (180+)
TXN000502,C00094,2022-05-24,Home,Bedding,1,246.63,0.0,246.63,Loyal Frequent,Cool (91-180)
TXN000237,C00043,2022-05-24,Home,Sofa,3,318.6,0.15,812.43,High-Value Champions,Warm (31-90)
TXN001057,C00199,2022-05-24,Beauty,Makeup,1,136.35,0.05,129.53,High-Value Champions,Warm (31-90)
TXN000371,C00067,2022-05-26,Home,Sofa,1,344.33,0.0,344.33,High-Value Champions,Warm (31-90)
TXN001978,C00391,2022-05-27,Beauty,Skincare,2,446.44,0.05,848.23,High-Value Champions,Active (0-30)
TXN001955,C00387,2022-05-27,Electronics,Smartwatch,3,305.04,0.0,915.12,High-Value Champions,Warm (31-90)
TXN001111,C00211,2022-05-27,Clothing,Dress,2,65.8,0.0,131.6,Low-Value / At-Risk,At Risk (180+)
TXN001197,C00228,2022-05-27,Home,Lamp,1,444.42,0.1,399.98,Loyal Frequent,At Risk (180+)
TXN002259,C00459,2022-05-27,Home,Lamp,1,261.04,0.0,261.04,Loyal Frequent,Warm (31-90)
TXN000605,C00112,2022-05-27,Clothing,T-Shirt,1,369.9,0.0,369.9,Loyal Frequent,Active (0-30)
TXN003717,C00798,2022-05-27,Home,Bedding,2,57.83,0.15,98.32,Loyal Frequent,At Risk (180+)
TXN002365,C00485,2022-05-28,Clothing,T-Shirt,1,134.21,0.2,107.37,Loyal Frequent,At Risk (180+)
TXN001105,C00210,2022-05-28,Home,Cookware,1,173.59,0.0,173.59,Low-Value / At-Risk,At Risk (180+)
TXN002036,C00401,2022-05-28,Sports,Bicycle,3,95.53,0.15,243.6,Loyal Frequent,Warm (31-90)
TXN003399,C00725,2022-05-29,Sports,Running Shoes,3,172.65,0.0,517.94,Loyal Frequent,Warm (31-90)
TXN001918,C00382,2022-05-29,Sports,Running Shoes,3,109.06,0.0,327.17,Loyal Frequent,Cool (91-180)
TXN000151,C00027,2022-05-29,Electronics,Smartphone,1,130.29,0.1,117.26,Potential / Occasional,At Risk (180+)
TXN002962,C00621,2022-05-29,Clothing,Sneakers,1,178.13,0.0,178.13,Low-Value / At-Risk,At Risk (180+)
TXN002295,C00468,2022-05-29,Clothing,Sneakers,3,74.02,0.0,222.07,Loyal Frequent,Warm (31-90)
TXN003690,C00793,2022-05-30,Clothing,Sneakers,1,77.3,0.05,73.44,Low-Value / At-Risk,At Risk (180+)
TXN003196,C00675,2022-05-30,Sports,Dumbbells,3,365.06,0.05,1040.43,High-Value Champions,Cool (91-180)
TXN003239,C00681,2022-05-30,Electronics,Smartwatch,3,313.82,0.2,753.18,Loyal Frequent,At Risk (180+)
TXN002423,C00500,2022-05-30,Home,Lamp,1,110.59,0.1,99.53,Low-Value / At-Risk,At Risk (180+)
TXN001365,C00260,2022-05-31,Home,Cookware,2,74.14,0.15,126.04,Potential / Occasional,At Risk (180+)
TXN002393,C00495,2022-05-31,Clothing,Sneakers,1,116.66,0.1,104.99,Potential / Occasional,Warm (31-90)
TXN002256,C00458,2022-05-31,Electronics,Headphones,3,187.58,0.05,534.62,Potential / Occasional,Cool (91-180)
TXN000146,C00025,2022-06-01,Electronics,Smartwatch,2,382.44,0.15,650.15,Loyal Frequent,Active (0-30)
TXN001902,C00378,2022-06-01,Sports,Bicycle,2,28.74,0.0,57.48,Potential / Occasional,Warm (31-90)
TXN003485,C00748,2022-06-02,Beauty,Makeup,2,34.17,0.1,61.51,Low-Value / At-Risk,At Risk (180+)
TXN002682,C00552,2022-06-02,Home,Sofa,3,153.84,0.1,415.37,Loyal Frequent,At Risk (180+)
TXN000382,C00068,2022-06-03,Home,Decor,3,235.88,0.0,707.63,Loyal Frequent,At Risk (180+)
TXN001289,C00248,2022-06-03,Beauty,Perfume,1,113.1,0.2,90.48,Potential / Occasional,Cool (91-180)
TXN002782,C00571,2022-06-04,Sports,Running Shoes,2,80.39,0.15,136.67,Loyal Frequent,Cool (91-180)
TXN000697,C00127,2022-06-04,Sports,Dumbbells,2,212.46,0.05,403.68,Loyal Frequent,Active (0-30)
TXN000982,C00185,2022-06-04,Home,Bedding,1,362.72,0.0,362.72,Loyal Frequent,Cool (91-180)
TXN000888,C00163,2022-06-04,Clothing,Jeans,1,103.1,0.0,103.1,Loyal Frequent,At Risk (180+)
TXN002389,C00493,2022-06-05,Home,Sofa,1,106.04,0.05,100.74,Loyal Frequent,Warm (31-90)
TXN000610,C00112,2022-06-05,Electronics,Laptop,1,177.21,0.05,168.35,Loyal Frequent,Active (0-30)
TXN003356,C00709,2022-06-05,Clothing,Jeans,1,67.32,0.0,67.32,Potential / Occasional,At Risk (180+)
TXN002188,C00439,2022-06-06,Electronics,Tablet,1,205.2,0.0,205.2,Potential / Occasional,Cool (91-180)
TXN000435,C00083,2022-06-06,Home,Bedding,2,65.28,0.15,110.97,Loyal Frequent,Cool (91-180)
TXN001635,C00317,2022-06-06,Beauty,Makeup,3,113.55,0.1,306.58,Loyal Frequent,Cool (91-180)
TXN000635,C00116,2022-06-07,Home,Lamp,1,411.36,0.15,349.65,High-Value Champions,Warm (31-90)
TXN002218,C00449,2022-06-07,Electronics,Tablet,3,185.04,0.0,555.12,Loyal Frequent,Cool (91-180)
TXN002623,C00543,2022-06-07,Home,Sofa,3,57.09,0.15,145.58,Loyal Frequent,At Risk (180+)
TXN002325,C00474,2022-06-07,Sports,Running Shoes,1,159.75,0.0,159.75,Loyal Frequent,At Risk (180+)
TXN001743,C00338,2022-06-08,Home,Sofa,2,66.37,0.0,132.73,Low-Value / At-Risk,At Risk (180+)
TXN002785,C00571,2022-06-08,Home,Decor,2,57.62,0.0,115.24,Loyal Frequent,Cool (91-180)
TXN001800,C00352,2022-06-09,Sports,Bicycle,1,344.94,0.0,344.94,Loyal Frequent,At Risk (180+)
TXN001708,C00333,2022-06-09,Clothing,Sneakers,1,225.39,0.1,202.85,High-Value Champions,Active (0-30)
TXN003107,C00656,2022-06-09,Electronics,Tablet,3,191.77,0.15,489.02,Loyal Frequent,Cool (91-180)
TXN002395,C00496,2022-06-10,Beauty,Haircare,2,63.44,0.2,101.51,Loyal Frequent,At Risk (180+)
TXN000725,C00130,2022-06-10,Beauty,Haircare,3,118.29,0.0,354.86,High-Value Champions,Warm (31-90)
TXN001390,C00267,2022-06-11,Home,Cookware,1,101.75,0.1,91.58,Potential / Occasional,At Risk (180+)
TXN000663,C00122,2022-06-11,Beauty,Makeup,3,133.37,0.0,400.12,Potential / Occasional,At Risk (180+)
TXN002891,C00597,2022-06-11,Electronics,Laptop,1,84.05,0.05,79.85,Loyal Frequent,At Risk (180+)
TXN000250,C00044,2022-06-11,Home,Lamp,1,147.88,0.15,125.7,High-Value Champions,Cool (91-180)
TXN000935,C00172,2022-06-11,Beauty,Haircare,1,116.73,0.0,116.73,Low-Value / At-Risk,At Risk (180+)
TXN000148,C00026,2022-06-11,Clothing,Dress,2,104.89,0.15,178.32,Potential / Occasional,Active (0-30)
TXN003297,C00696,2022-06-12,Beauty,Haircare,3,112.74,0.0,338.23,Loyal Frequent,At Risk (180+)
TXN002736,C00562,2022-06-12,Home,Sofa,3,356.68,0.15,909.53,High-Value Champions,Cool (91-180)
TXN003394,C00722,2022-06-13,Electronics,Tablet,3,48.07,0.05,137.0,Potential / Occasional,At Risk (180+)
TXN003625,C00779,2022-06-13,Clothing,Jacket,2,248.06,0.0,496.13,Loyal Frequent,At Risk (180+)
TXN002598,C00541,2022-06-14,Clothing,Sneakers,1,73.94,0.05,70.24,Loyal Frequent,At Risk (180+)
TXN001906,C00379,2022-06-14,Sports,Bicycle,1,186.33,0.0,186.33,Loyal Frequent,Cool (91-180)
TXN002759,C00564,2022-06-14,Clothing,Jeans,1,128.17,0.0,128.17,Potential / Occasional,Active (0-30)
TXN003074,C00645,2022-06-14,Sports,Dumbbells,2,76.26,0.0,152.52,Low-Value / At-Risk,At Risk (180+)
TXN000962,C00181,2022-06-14,Clothing,Jacket,2,50.32,0.0,100.64,Potential / Occasional,Cool (91-180)
TXN000414,C00078,2022-06-14,Sports,Dumbbells,3,68.67,0.0,206.0,Low-Value / At-Risk,At Risk (180+)
TXN001900,C00377,2022-06-15,Home,Cookware,1,222.48,0.0,222.48,Loyal Frequent,Cool (91-180)
TXN003043,C00638,2022-06-15,Electronics,Tablet,1,447.34,0.1,402.61,High-Value Champions,Warm (31-90)
TXN001460,C00282,2022-06-16,Beauty,Haircare,1,303.78,0.05,288.59,Loyal Frequent,Cool (91-180)
TXN001778,C00349,2022-06-17,Sports,Dumbbells,1,105.6,0.1,95.04,Potential / Occasional,At Risk (180+)
TXN002299,C00469,2022-06-17,Beauty,Perfume,2,51.75,0.0,103.5,Low-Value / At-Risk,At Risk (180+)
TXN002856,C00589,2022-06-17,Beauty,Skincare,1,441.63,0.0,441.63,Loyal Frequent,At Risk (180+)
TXN003451,C00736,2022-06-18,Beauty,Skincare,1,218.67,0.0,218.67,Loyal Frequent,Warm (31-90)
TXN000473,C00088,2022-06-18,Clothing,Dress,3,276.51,0.15,705.1,High-Value Champions,Warm (31-90)
TXN003586,C00767,2022-06-18,Home,Sofa,2,119.72,0.0,239.45,Low-Value / At-Risk,At Risk (180+)
TXN002640,C00546,2022-06-18,Beauty,Makeup,2,99.16,0.05,188.4,Loyal Frequent,Cool (91-180)
TXN003127,C00659,2022-06-19,Clothing,Sneakers,1,80.06,0.05,76.06,Loyal Frequent,Cool (91-180)
TXN001479,C00286,2022-06-19,Home,Decor,3,370.75,0.0,1112.25,High-Value Champions,Warm (31-90)
TXN002710,C00554,2022-06-19,Sports,Dumbbells,3,224.62,0.0,673.87,High-Value Champions,Cool (91-180)
TXN000656,C00120,2022-06-20,Clothing,Jacket,2,400.51,0.0,801.01,Loyal Frequent,At Risk (180+)
TXN000280,C00049,2022-06-20,Electronics,Laptop,1,149.06,0.0,149.06,Loyal Frequent,Warm (31-90)
TXN001686,C00328,2022-06-21,Electronics,Smartphone,2,325.61,0.0,651.21,High-Value Champions,Cool (91-180)
TXN000320,C00054,2022-06-21,Electronics,Smartwatch,3,51.46,0.0,154.38,Potential / Occasional,At Risk (180+)
TXN001495,C00288,2022-06-21,Electronics,Smartphone,1,187.65,0.05,178.27,Loyal Frequent,Warm (31-90)
TXN003524,C00755,2022-06-22,Home,Bedding,3,260.51,0.05,742.44,High-Value Champions,Active (0-30)
TXN000661,C00121,2022-06-22,Beauty,Perfume,1,40.44,0.05,38.41,Low-Value / At-Risk,At Risk (180+)
TXN001667,C00325,2022-06-22,Electronics,Smartwatch,1,94.26,0.1,84.84,Low-Value / At-Risk,At Risk (180+)
TXN002964,C00622,2022-06-23,Sports,Dumbbells,3,63.89,0.0,191.67,Potential / Occasional,Cool (91-180)
TXN001914,C00381,2022-06-23,Clothing,Jeans,1,45.87,0.05,43.58,Low-Value / At-Risk,At Risk (180+)
TXN001578,C00302,2022-06-24,Electronics,Laptop,2,67.25,0.0,134.51,Low-Value / At-Risk,At Risk (180+)
TXN000002,C00001,2022-06-24,Sports,Dumbbells,1,198.25,0.05,188.34,Potential / Occasional,At Risk (180+)
TXN001223,C00233,2022-06-25,Electronics,Smartwatch,1,89.33,0.1,80.4,Low-Value / At-Risk,At Risk (180+)
TXN002820,C00580,2022-06-26,Beauty,Makeup,2,145.69,0.15,247.67,Potential / Occasional,Warm (31-90)
TXN002107,C00422,2022-06-26,Electronics,Headphones,1,108.67,0.1,97.8,Loyal Frequent,Active (0-30)
TXN002166,C00435,2022-06-27,Beauty,Skincare,2,412.22,0.0,824.43,High-Value Champions,Cool (91-180)
TXN003039,C00638,2022-06-28,Home,Decor,1,172.58,0.1,155.32,High-Value Champions,Warm (31-90)
TXN002532,C00525,2022-06-28,Home,Decor,2,73.21,0.0,146.42,Potential / Occasional,Cool (91-180)
TXN001533,C00295,2022-06-28,Electronics,Tablet,3,66.36,0.0,199.08,Low-Value / At-Risk,At Risk (180+)
TXN000342,C00058,2022-06-28,Sports,Running Shoes,3,202.52,0.0,607.57,High-Value Champions,Active (0-30)
TXN003195,C00675,2022-06-28,Electronics,Laptop,2,248.36,0.05,471.89,High-Value Champions,Cool (91-180)
TXN001496,C00289,2022-06-28,Home,Bedding,1,115.41,0.0,115.41,Potential / Occasional,At Risk (180+)
TXN003588,C00767,2022-06-28,Home,Bedding,2,70.8,0.1,127.43,Low-Value / At-Risk,At Risk (180+)
TXN000408,C00075,2022-06-28,Clothing,T-Shirt,2,114.3,0.15,194.32,Potential / Occasional,At Risk (180+)
TXN000515,C00097,2022-06-29,Electronics,Smartphone,2,381.83,0.0,763.65,High-Value Champions,Cool (91-180)
TXN003480,C00746,2022-06-29,Sports,Running Shoes,2,18.48,0.05,35.12,Low-Value / At-Risk,At Risk (180+)
TXN002832,C00584,2022-06-30,Beauty,Skincare,2,103.9,0.0,207.8,Low-Value / At-Risk,At Risk (180+)
TXN001784,C00351,2022-06-30,Sports,Bicycle,3,294.61,0.0,883.84,High-Value Champions,Cool (91-180)
TXN002464,C00510,2022-06-30,Electronics,Tablet,2,88.38,0.0,176.77,Low-Value / At-Risk,At Risk (180+)
TXN001976,C00390,2022-07-02,Home,Lamp,3,162.47,0.0,487.41,Loyal Frequent,At Risk (180+)
TXN002719,C00557,2022-07-03,Sports,Running Shoes,2,82.36,0.0,164.72,Loyal Frequent,Active (0-30)
TXN002097,C00419,2022-07-04,Beauty,Skincare,3,67.76,0.0,203.29,Loyal Frequent,Cool (91-180)
TXN001767,C00346,2022-07-04,Home,Decor,1,53.75,0.05,51.06,Potential / Occasional,Cool (91-180)
TXN003652,C00785,2022-07-05,Sports,Running Shoes,1,156.84,0.05,149.0,Loyal Frequent,Cool (91-180)
TXN002772,C00569,2022-07-05,Home,Bedding,3,211.59,0.05,603.03,Potential / Occasional,Cool (91-180)
TXN001575,C00301,2022-07-06,Beauty,Haircare,3,412.56,0.05,1175.8,Loyal Frequent,Cool (91-180)
TXN001120,C00213,2022-07-06,Beauty,Perfume,2,184.71,0.0,369.42,High-Value Champions,Active (0-30)
TXN000100,C00014,2022-07-06,Clothing,T-Shirt,2,362.11,0.15,615.58,High-Value Champions,Active (0-30)
TXN000236,C00043,2022-07-06,Sports,Yoga Mat,2,232.14,0.05,441.07,High-Value Champions,Warm (31-90)
TXN001168,C00219,2022-07-06,Clothing,Sneakers,3,73.0,0.2,175.19,Low-Value / At-Risk,At Risk (180+)
TXN001033,C00195,2022-07-07,Clothing,Sneakers,2,349.82,0.1,629.67,High-Value Champions,Warm (31-90)
TXN003046,C00638,2022-07-07,Clothing,Jacket,2,383.53,0.0,767.06,High-Value Champions,Warm (31-90)
TXN001829,C00361,2022-07-07,Beauty,Haircare,3,119.72,0.0,359.17,High-Value Champions,Warm (31-90)
TXN001314,C00251,2022-07-07,Clothing,Jacket,3,400.68,0.05,1141.93,High-Value Champions,Warm (31-90)
TXN003261,C00686,2022-07-07,Clothing,Jacket,2,196.72,0.0,393.43,Potential / Occasional,Cool (91-180)
TXN002576,C00538,2022-07-09,Home,Bedding,3,31.2,0.0,93.59,Potential / Occasional,Cool (91-180)
TXN001371,C00263,2022-07-09,Electronics,Smartwatch,1,405.19,0.0,405.19,Loyal Frequent,Cool (91-180)
TXN001470,C00286,2022-07-09,Beauty,Skincare,3,342.21,0.0,1026.63,High-Value Champions,Warm (31-90)
TXN002846,C00586,2022-07-10,Electronics,Smartphone,1,31.17,0.0,31.17,Low-Value / At-Risk,At Risk (180+)
TXN001426,C00275,2022-07-10,Sports,Yoga Mat,3,47.07,0.0,141.21,Potential / Occasional,Cool (91-180)
TXN002439,C00503,2022-07-10,Home,Sofa,2,192.73,0.0,385.46,Potential / Occasional,Active (0-30)
TXN001260,C00244,2022-07-11,Electronics,Headphones,3,232.48,0.15,592.81,High-Value Champions,Cool (91-180)
TXN000159,C00030,2022-07-11,Clothing,Jacket,1,25.97,0.0,25.97,Potential / Occasional,Warm (31-90)
TXN002629,C00545,2022-07-11,Beauty,Skincare,1,241.33,0.1,217.19,Loyal Frequent,At Risk (180+)
TXN000157,C00029,2022-07-11,Beauty,Makeup,2,109.33,0.05,207.73,Low-Value / At-Risk,At Risk (180+)
TXN000132,C00023,2022-07-11,Beauty,Haircare,1,239.51,0.0,239.51,Loyal Frequent,Cool (91-180)
TXN002197,C00442,2022-07-11,Electronics,Smartwatch,2,60.12,0.0,120.25,Low-Value / At-Risk,At Risk (180+)
TXN002258,C00458,2022-07-12,Electronics,Smartphone,1,137.85,0.1,124.06,Potential / Occasional,Cool (91-180)
TXN003505,C00753,2022-07-13,Sports,Dumbbells,3,215.29,0.0,645.88,Potential / Occasional,At Risk (180+)
TXN000636,C00116,2022-07-13,Home,Lamp,2,274.65,0.0,549.31,High-Value Champions,Warm (31-90)
TXN002586,C00539,2022-07-13,Sports,Yoga Mat,2,108.73,0.1,195.71,Loyal Frequent,At Risk (180+)
TXN001381,C00264,2022-07-13,Electronics,Smartwatch,3,97.36,0.0,292.09,Potential / Occasional,Active (0-30)
TXN003118,C00657,2022-07-14,Sports,Running Shoes,3,176.91,0.0,530.74,Loyal Frequent,At Risk (180+)
TXN001736,C00336,2022-07-15,Electronics,Smartwatch,2,151.74,0.0,303.49,Loyal Frequent,At Risk (180+)
TXN001548,C00298,2022-07-16,Home,Decor,3,106.06,0.0,318.19,Potential / Occasional,At Risk (180+)
TXN001377,C00263,2022-07-16,Clothing,Jacket,3,158.07,0.0,474.22,Loyal Frequent,Cool (91-180)
TXN002568,C00536,2022-07-16,Clothing,T-Shirt,2,77.21,0.15,131.26,Low-Value / At-Risk,At Risk (180+)
TXN000797,C00142,2022-07-17,Beauty,Makeup,1,69.62,0.05,66.14,Potential / Occasional,At Risk (180+)
TXN001952,C00387,2022-07-18,Home,Cookware,3,148.91,0.0,446.73,High-Value Champions,Warm (31-90)
TXN002155,C00433,2022-07-18,Sports,Dumbbells,3,85.17,0.0,255.52,High-Value Champions,Warm (31-90)
TXN003304,C00697,2022-07-19,Electronics,Laptop,3,345.1,0.05,983.53,High-Value Champions,Active (0-30)
TXN001972,C00390,2022-07-19,Home,Sofa,3,117.24,0.1,316.54,Loyal Frequent,At Risk (180+)
TXN000616,C00114,2022-07-20,Electronics,Laptop,2,41.3,0.15,70.21,Loyal Frequent,Warm (31-90)
TXN003528,C00755,2022-07-21,Electronics,Smartphone,2,406.69,0.0,813.38,High-Value Champions,Active (0-30)
TXN002624,C00544,2022-07-21,Sports,Yoga Mat,1,126.17,0.15,107.25,Potential / Occasional,Warm (31-90)
TXN002801,C00577,2022-07-21,Home,Sofa,3,393.68,0.05,1121.99,Loyal Frequent,At Risk (180+)
TXN003443,C00734,2022-07-22,Sports,Yoga Mat,2,147.84,0.0,295.68,Loyal Frequent,Active (0-30)
TXN003221,C00677,2022-07-23,Clothing,T-Shirt,2,404.28,0.0,808.56,High-Value Champions,Active (0-30)
TXN000622,C00116,2022-07-23,Beauty,Perfume,1,392.65,0.0,392.65,High-Value Champions,Warm (31-90)
TXN003080,C00647,2022-07-24,Beauty,Skincare,2,175.07,0.05,332.63,Potential / Occasional,Warm (31-90)
TXN003681,C00791,2022-07-24,Electronics,Smartwatch,3,202.12,0.0,606.35,Loyal Frequent,At Risk (180+)
TXN001937,C00384,2022-07-24,Sports,Yoga Mat,1,401.87,0.05,381.77,High-Value Champions,Warm (31-90)
TXN002913,C00603,2022-07-25,Electronics,Tablet,1,49.0,0.15,41.65,Potential / Occasional,Active (0-30)
TXN000596,C00110,2022-07-25,Electronics,Headphones,3,67.1,0.0,201.31,Potential / Occasional,At Risk (180+)
TXN001720,C00334,2022-07-25,Clothing,Jeans,3,53.7,0.1,144.99,Potential / Occasional,Warm (31-90)
TXN001166,C00218,2022-07-26,Beauty,Haircare,1,32.1,0.0,32.1,Potential / Occasional,Warm (31-90)
TXN001510,C00291,2022-07-26,Sports,Dumbbells,1,43.36,0.0,43.36,Low-Value / At-Risk,At Risk (180+)
TXN001766,C00345,2022-07-26,Electronics,Smartphone,1,186.09,0.0,186.09,Potential / Occasional,At Risk (180+)
TXN000696,C00127,2022-07-27,Sports,Bicycle,1,136.45,0.15,115.99,Loyal Frequent,Active (0-30)
TXN003458,C00737,2022-07-27,Sports,Dumbbells,1,96.96,0.05,92.11,Potential / Occasional,At Risk (180+)
TXN002417,C00499,2022-07-28,Clothing,Dress,3,58.28,0.0,174.83,Loyal Frequent,Active (0-30)
TXN003235,C00680,2022-07-29,Beauty,Haircare,3,65.63,0.1,177.2,Loyal Frequent,At Risk (180+)
TXN002560,C00533,2022-07-29,Home,Decor,3,157.92,0.0,473.76,Loyal Frequent,At Risk (180+)
TXN000140,C00025,2022-07-29,Sports,Yoga Mat,1,446.93,0.15,379.89,Loyal Frequent,Active (0-30)
TXN002250,C00456,2022-07-30,Home,Cookware,1,232.68,0.05,221.04,Potential / Occasional,At Risk (180+)
TXN003160,C00666,2022-07-30,Beauty,Makeup,2,402.96,0.0,805.93,High-Value Champions,Warm (31-90)
TXN000282,C00049,2022-07-30,Electronics,Tablet,2,163.63,0.05,310.9,Loyal Frequent,Warm (31-90)
TXN002793,C00573,2022-07-31,Electronics,Headphones,3,84.96,0.0,254.89,Potential / Occasional,Cool (91-180)
TXN002180,C00437,2022-08-01,Sports,Bicycle,1,57.83,0.0,57.83,Potential / Occasional,Cool (91-180)
TXN002918,C00606,2022-08-01,Clothing,Jeans,1,104.21,0.0,104.21,Potential / Occasional,Cool (91-180)
TXN002320,C00473,2022-08-02,Home,Decor,3,251.12,0.0,753.37,Loyal Frequent,Warm (31-90)
TXN000586,C00108,2022-08-03,Electronics,Headphones,3,41.54,0.1,112.17,Loyal Frequent,Active (0-30)
TXN002551,C00531,2022-08-03,Electronics,Headphones,2,36.72,0.05,69.76,Potential / Occasional,At Risk (180+)
TXN001924,C00382,2022-08-03,Home,Cookware,2,101.52,0.1,182.74,Loyal Frequent,Cool (91-180)
TXN003645,C00783,2022-08-04,Clothing,Jeans,3,73.88,0.0,221.63,Low-Value / At-Risk,At Risk (180+)
TXN003506,C00753,2022-08-04,Home,Cookware,3,138.63,0.1,374.29,Potential / Occasional,At Risk (180+)
TXN003112,C00656,2022-08-04,Beauty,Makeup,3,61.76,0.2,148.22,Loyal Frequent,Cool (91-180)
TXN000813,C00146,2022-08-04,Beauty,Skincare,2,282.36,0.0,564.72,Loyal Frequent,At Risk (180+)
TXN000707,C00129,2022-08-04,Electronics,Smartphone,1,242.98,0.1,218.68,Potential / Occasional,At Risk (180+)
TXN002502,C00518,2022-08-05,Clothing,Jeans,1,341.76,0.05,324.67,High-Value Champions,Cool (91-180)
TXN002042,C00403,2022-08-05,Clothing,T-Shirt,2,89.89,0.0,179.78,Low-Value / At-Risk,At Risk (180+)
TXN001481,C00286,2022-08-06,Home,Lamp,1,383.98,0.0,383.98,High-Value Champions,Warm (31-90)
TXN001967,C00389,2022-08-07,Clothing,T-Shirt,1,82.48,0.05,78.35,Potential / Occasional,At Risk (180+)
TXN003675,C00789,2022-08-07,Home,Bedding,3,20.01,0.0,60.04,Potential / Occasional,At Risk (180+)
TXN000608,C00112,2022-08-07,Home,Lamp,3,307.58,0.0,922.73,Loyal Frequent,Active (0-30)
TXN003340,C00705,2022-08-07,Clothing,Sneakers,1,229.92,0.2,183.93,Loyal Frequent,Warm (31-90)
TXN003648,C00784,2022-08-07,Sports,Bicycle,3,112.94,0.15,288.0,Potential / Occasional,Active (0-30)
TXN002271,C00461,2022-08-07,Electronics,Smartphone,1,155.93,0.15,132.54,Potential / Occasional,At Risk (180+)
TXN002390,C00494,2022-08-08,Clothing,Jacket,1,42.62,0.05,40.49,Potential / Occasional,Cool (91-180)
TXN003376,C00718,2022-08-08,Electronics,Headphones,3,222.42,0.0,667.27,Potential / Occasional,At Risk (180+)
TXN003572,C00762,2022-08-08,Electronics,Smartwatch,3,88.98,0.0,266.95,Potential / Occasional,Warm (31-90)
TXN003684,C00791,2022-08-08,Electronics,Laptop,2,52.5,0.1,94.51,Loyal Frequent,At Risk (180+)
TXN002821,C00580,2022-08-08,Beauty,Makeup,2,172.92,0.0,345.83,Potential / Occasional,Warm (31-90)
TXN001383,C00265,2022-08-09,Electronics,Laptop,1,248.12,0.0,248.12,Potential / Occasional,At Risk (180+)
TXN002414,C00498,2022-08-09,Electronics,Smartphone,2,222.65,0.0,445.3,Potential / Occasional,At Risk (180+)
TXN000374,C00067,2022-08-09,Sports,Yoga Mat,3,379.76,0.05,1082.31,High-Value Champions,Warm (31-90)
TXN002723,C00557,2022-08-11,Clothing,Dress,3,216.97,0.1,585.81,Loyal Frequent,Active (0-30)
TXN002569,C00536,2022-08-11,Beauty,Haircare,2,113.54,0.0,227.08,Low-Value / At-Risk,At Risk (180+)
TXN001300,C00249,2022-08-11,Home,Cookware,1,114.03,0.0,114.03,High-Value Champions,Warm (31-90)
TXN002634,C00546,2022-08-12,Clothing,T-Shirt,2,105.25,0.05,199.97,Loyal Frequent,Cool (91-180)
TXN000415,C00078,2022-08-12,Beauty,Skincare,3,112.91,0.0,338.73,Low-Value / At-Risk,At Risk (180+)
TXN000326,C00056,2022-08-12,Home,Lamp,3,38.15,0.0,114.45,Low-Value / At-Risk,At Risk (180+)
TXN000679,C00124,2022-08-12,Clothing,T-Shirt,3,89.59,0.05,255.32,Low-Value / At-Risk,At Risk (180+)
TXN002777,C00570,2022-08-12,Home,Cookware,1,155.72,0.0,155.72,Low-Value / At-Risk,At Risk (180+)
TXN000706,C00128,2022-08-13,Beauty,Skincare,1,280.3,0.05,266.29,Loyal Frequent,Active (0-30)
TXN000951,C00178,2022-08-13,Beauty,Haircare,3,443.85,0.0,1331.56,Loyal Frequent,Cool (91-180)
TXN003292,C00694,2022-08-13,Clothing,Jacket,1,41.62,0.0,41.62,Potential / Occasional,At Risk (180+)
TXN002637,C00546,2022-08-14,Sports,Running Shoes,3,373.49,0.2,896.39,Loyal Frequent,Cool (91-180)
TXN000857,C00154,2022-08-14,Electronics,Headphones,2,407.66,0.05,774.55,High-Value Champions,Cool (91-180)
TXN000580,C00107,2022-08-14,Beauty,Skincare,1,94.4,0.05,89.68,Potential / Occasional,At Risk (180+)
TXN003190,C00675,2022-08-15,Beauty,Haircare,1,396.58,0.05,376.75,High-Value Champions,Cool (91-180)
TXN000831,C00151,2022-08-16,Home,Decor,1,98.4,0.0,98.4,Potential / Occasional,At Risk (180+)
TXN002740,C00562,2022-08-16,Beauty,Haircare,2,307.58,0.0,615.15,High-Value Champions,Cool (91-180)
TXN000439,C00083,2022-08-16,Home,Lamp,2,232.75,0.0,465.49,Loyal Frequent,Cool (91-180)
TXN003317,C00699,2022-08-16,Electronics,Laptop,2,115.19,0.2,184.31,Potential / Occasional,At Risk (180+)
TXN000222,C00040,2022-08-16,Electronics,Smartwatch,3,336.71,0.0,1010.12,High-Value Champions,Warm (31-90)
TXN000862,C00157,2022-08-17,Clothing,Jeans,2,25.6,0.1,46.08,Low-Value / At-Risk,At Risk (180+)
TXN003100,C00653,2022-08-17,Home,Decor,3,98.56,0.0,295.67,Loyal Frequent,Warm (31-90)
TXN000769,C00137,2022-08-17,Beauty,Perfume,3,350.92,0.2,842.21,High-Value Champions,Warm (31-90)
TXN003531,C00755,2022-08-18,Sports,Yoga Mat,2,333.98,0.0,667.95,High-Value Champions,Active (0-30)
TXN001565,C00300,2022-08-19,Electronics,Laptop,2,239.28,0.05,454.64,High-Value Champions,Active (0-30)
TXN002838,C00585,2022-08-19,Electronics,Headphones,3,116.58,0.0,349.74,High-Value Champions,Cool (91-180)
TXN000909,C00166,2022-08-20,Electronics,Smartwatch,2,433.36,0.15,736.71,High-Value Champions,Active (0-30)
TXN002613,C00542,2022-08-20,Beauty,Makeup,3,367.13,0.1,991.25,High-Value Champions,Warm (31-90)
TXN000544,C00102,2022-08-20,Sports,Dumbbells,1,388.64,0.1,349.78,High-Value Champions,Warm (31-90)
TXN003568,C00761,2022-08-20,Electronics,Tablet,3,32.7,0.0,98.1,Low-Value / At-Risk,At Risk (180+)
TXN003110,C00656,2022-08-21,Sports,Running Shoes,2,176.62,0.05,335.57,Loyal Frequent,Cool (91-180)
TXN002324,C00474,2022-08-21,Clothing,Dress,3,228.38,0.0,685.13,Loyal Frequent,At Risk (180+)
TXN001339,C00255,2022-08-21,Beauty,Haircare,3,92.52,0.0,277.55,Loyal Frequent,At Risk (180+)
TXN001587,C00307,2022-08-21,Sports,Running Shoes,2,101.98,0.0,203.96,Potential / Occasional,Warm (31-90)
TXN002567,C00535,2022-08-22,Electronics,Laptop,2,104.15,0.15,177.06,Low-Value / At-Risk,At Risk (180+)
TXN002802,C00577,2022-08-22,Sports,Yoga Mat,2,380.85,0.0,761.71,Loyal Frequent,At Risk (180+)
TXN002355,C00483,2022-08-22,Electronics,Headphones,3,130.06,0.0,390.18,Loyal Frequent,Cool (91-180)
TXN002753,C00563,2022-08-23,Sports,Running Shoes,3,41.18,0.05,117.37,Potential / Occasional,At Risk (180+)
TXN003099,C00653,2022-08-23,Clothing,Jeans,1,170.14,0.15,144.62,Loyal Frequent,Warm (31-90)
TXN002952,C00617,2022-08-24,Beauty,Haircare,3,202.62,0.05,577.48,Potential / Occasional,Cool (91-180)
TXN001278,C00245,2022-08-25,Electronics,Headphones,3,127.64,0.0,382.91,Loyal Frequent,Active (0-30)
TXN000186,C00038,2022-08-25,Home,Decor,3,342.74,0.0,1028.23,High-Value Champions,Active (0-30)
TXN000613,C00114,2022-08-25,Home,Bedding,3,147.2,0.0,441.59,Loyal Frequent,Warm (31-90)
TXN000514,C00097,2022-08-26,Beauty,Makeup,2,105.32,0.0,210.65,High-Value Champions,Cool (91-180)
TXN002861,C00589,2022-08-26,Sports,Dumbbells,2,241.49,0.05,458.82,Loyal Frequent,At Risk (180+)
TXN002737,C00562,2022-08-27,Sports,Yoga Mat,2,218.29,0.05,414.75,High-Value Champions,Cool (91-180)
TXN000004,C00001,2022-08-27,Clothing,Jeans,1,64.23,0.0,64.23,Potential / Occasional,At Risk (180+)
TXN003402,C00725,2022-08-27,Electronics,Tablet,2,202.96,0.0,405.93,Loyal Frequent,Warm (31-90)
TXN002154,C00433,2022-08-28,Home,Cookware,1,174.87,0.0,174.87,High-Value Champions,Warm (31-90)
TXN003193,C00675,2022-08-28,Electronics,Tablet,1,255.17,0.1,229.65,High-Value Champions,Cool (91-180)
TXN003643,C00782,2022-08-28,Sports,Dumbbells,2,54.39,0.05,103.34,Potential / Occasional,Cool (91-180)
TXN001871,C00371,2022-08-29,Home,Sofa,3,120.48,0.0,361.43,High-Value Champions,Active (0-30)
TXN003502,C00752,2022-08-29,Beauty,Perfume,3,284.76,0.05,811.55,High-Value Champions,Warm (31-90)
TXN003469,C00741,2022-08-29,Beauty,Perfume,1,52.21,0.1,46.99,Loyal Frequent,Warm (31-90)
TXN003245,C00681,2022-08-30,Home,Bedding,2,224.9,0.15,382.34,Loyal Frequent,At Risk (180+)
TXN002344,C00481,2022-08-30,Electronics,Tablet,1,16.39,0.0,16.39,Potential / Occasional,At Risk (180+)
TXN000279,C00049,2022-08-31,Electronics,Smartwatch,2,264.98,0.0,529.97,Loyal Frequent,Warm (31-90)
TXN001493,C00288,2022-08-31,Sports,Running Shoes,1,148.13,0.05,140.73,Loyal Frequent,Warm (31-90)
TXN001140,C00215,2022-09-01,Clothing,Jeans,2,186.46,0.0,372.91,High-Value Champions,Active (0-30)
TXN002302,C00470,2022-09-01,Beauty,Makeup,3,54.09,0.2,129.82,Potential / Occasional,At Risk (180+)
TXN003197,C00675,2022-09-01,Beauty,Haircare,3,155.44,0.05,443.0,High-Value Champions,Cool (91-180)
TXN002411,C00497,2022-09-01,Electronics,Headphones,3,331.28,0.05,944.14,High-Value Champions,At Risk (180+)
TXN001626,C00316,2022-09-02,Home,Cookware,1,98.19,0.15,83.46,Loyal Frequent,Warm (31-90)
TXN003036,C00636,2022-09-02,Clothing,Jeans,2,86.55,0.0,173.1,Loyal Frequent,At Risk (180+)
TXN001517,C00293,2022-09-02,Electronics,Smartphone,3,173.49,0.0,520.46,High-Value Champions,Warm (31-90)
TXN001932,C00384,2022-09-02,Sports,Yoga Mat,2,424.08,0.2,678.53,High-Value Champions,Warm (31-90)
TXN001964,C00388,2022-09-02,Sports,Dumbbells,2,61.17,0.05,116.22,Potential / Occasional,At Risk (180+)
TXN002971,C00623,2022-09-02,Clothing,Sneakers,1,223.03,0.0,223.03,Loyal Frequent,Active (0-30)
TXN001482,C00286,2022-09-04,Clothing,T-Shirt,1,84.6,0.1,76.14,High-Value Champions,Warm (31-90)
TXN000107,C00018,2022-09-04,Electronics,Laptop,1,159.96,0.1,143.97,Potential / Occasional,At Risk (180+)
TXN002920,C00607,2022-09-04,Electronics,Laptop,2,131.83,0.05,250.48,Loyal Frequent,At Risk (180+)
TXN003220,C00677,2022-09-05,Sports,Bicycle,1,238.41,0.05,226.49,High-Value Champions,Active (0-30)
TXN001729,C00335,2022-09-05,Home,Cookware,3,353.35,0.05,1007.04,High-Value Champions,Cool (91-180)
TXN002874,C00593,2022-09-05,Clothing,Sneakers,3,42.72,0.0,128.17,Potential / Occasional,Cool (91-180)
TXN001088,C00204,2022-09-06,Sports,Dumbbells,3,282.25,0.0,846.74,Loyal Frequent,At Risk (180+)
TXN002554,C00532,2022-09-06,Clothing,Sneakers,3,39.34,0.0,118.03,Potential / Occasional,At Risk (180+)
TXN001436,C00279,2022-09-06,Beauty,Makeup,1,40.38,0.2,32.3,Loyal Frequent,Warm (31-90)
TXN001662,C00323,2022-09-07,Clothing,Dress,1,115.18,0.05,109.42,Potential / Occasional,At Risk (180+)
TXN003654,C00785,2022-09-07,Sports,Bicycle,1,218.69,0.0,218.69,Loyal Frequent,Cool (91-180)
TXN000153,C00027,2022-09-07,Home,Bedding,3,68.79,0.0,206.37,Potential / Occasional,At Risk (180+)
TXN001571,C00301,2022-09-07,Beauty,Skincare,3,159.08,0.1,429.52,Loyal Frequent,Cool (91-180)
TXN002871,C00591,2022-09-07,Clothing,Sneakers,3,305.98,0.05,872.03,Loyal Frequent,Cool (91-180)
TXN000008,C00003,2022-09-08,Home,Bedding,3,64.8,0.15,165.23,Potential / Occasional,At Risk (180+)
TXN000626,C00116,2022-09-09,Electronics,Smartwatch,1,168.67,0.05,160.24,High-Value Champions,Warm (31-90)
TXN000139,C00024,2022-09-09,Home,Cookware,3,50.7,0.1,136.88,Low-Value / At-Risk,At Risk (180+)
TXN001707,C00333,2022-09-10,Home,Bedding,1,253.1,0.15,215.14,High-Value Champions,Active (0-30)
TXN000533,C00099,2022-09-10,Electronics,Smartwatch,2,178.24,0.1,320.84,Loyal Frequent,Cool (91-180)
TXN003131,C00659,2022-09-11,Clothing,Dress,1,61.01,0.0,61.01,Loyal Frequent,Cool (91-180)
TXN000314,C00053,2022-09-12,Sports,Running Shoes,1,237.58,0.0,237.58,Loyal Frequent,At Risk (180+)
TXN001485,C00287,2022-09-13,Beauty,Skincare,2,200.14,0.0,400.28,Loyal Frequent,At Risk (180+)
TXN000815,C00146,2022-09-13,Clothing,Jeans,3,113.57,0.0,340.7,Loyal Frequent,At Risk (180+)
TXN002984,C00628,2022-09-14,Electronics,Laptop,2,324.84,0.05,617.19,High-Value Champions,Cool (91-180)
TXN001175,C00223,2022-09-14,Electronics,Tablet,1,248.45,0.05,236.02,Loyal Frequent,Cool (91-180)
TXN002570,C00536,2022-09-14,Home,Bedding,2,63.7,0.0,127.41,Low-Value / At-Risk,At Risk (180+)
TXN001421,C00273,2022-09-15,Clothing,Jeans,2,287.63,0.0,575.25,Loyal Frequent,At Risk (180+)
TXN000619,C00114,2022-09-15,Sports,Dumbbells,3,134.49,0.1,363.12,Loyal Frequent,Warm (31-90)
TXN003090,C00650,2022-09-15,Sports,Bicycle,3,69.21,0.15,176.5,Low-Value / At-Risk,At Risk (180+)
TXN003635,C00781,2022-09-15,Sports,Bicycle,2,136.3,0.1,245.33,Loyal Frequent,Cool (91-180)
TXN001527,C00294,2022-09-16,Electronics,Smartphone,3,129.14,0.05,368.06,Loyal Frequent,Warm (31-90)
TXN003514,C00754,2022-09-16,Electronics,Headphones,2,83.92,0.1,151.06,High-Value Champions,Active (0-30)
TXN000695,C00127,2022-09-16,Sports,Bicycle,3,222.64,0.2,534.33,Loyal Frequent,Active (0-30)
TXN001555,C00299,2022-09-16,Electronics,Headphones,3,217.94,0.1,588.45,Loyal Frequent,Warm (31-90)
TXN002222,C00451,2022-09-17,Home,Bedding,1,78.92,0.0,78.92,Potential / Occasional,At Risk (180+)
TXN001323,C00251,2022-09-17,Sports,Bicycle,3,303.33,0.1,818.98,High-Value Champions,Warm (31-90)
TXN002465,C00511,2022-09-17,Beauty,Perfume,1,43.82,0.1,39.44,Low-Value / At-Risk,At Risk (180+)
TXN002776,C00570,2022-09-18,Beauty,Makeup,1,246.31,0.0,246.31,Low-Value / At-Risk,At Risk (180+)
TXN000810,C00146,2022-09-18,Clothing,T-Shirt,3,296.42,0.0,889.27,Loyal Frequent,At Risk (180+)
TXN002948,C00615,2022-09-19,Home,Bedding,1,55.0,0.0,55.0,Loyal Frequent,At Risk (180+)
TXN003638,C00781,2022-09-19,Sports,Bicycle,2,134.84,0.0,269.69,Loyal Frequent,Cool (91-180)
TXN002373,C00488,2022-09-19,Electronics,Smartphone,3,102.29,0.05,291.52,Low-Value / At-Risk,At Risk (180+)
TXN000290,C00050,2022-09-20,Clothing,Jacket,1,317.16,0.2,253.73,High-Value Champions,Warm (31-90)
TXN001685,C00328,2022-09-21,Home,Cookware,2,239.0,0.0,478.01,High-Value Champions,Cool (91-180)
TXN000493,C00093,2022-09-22,Sports,Bicycle,3,47.97,0.0,143.92,Potential / Occasional,At Risk (180+)
TXN003567,C00761,2022-09-22,Sports,Bicycle,3,82.58,0.0,247.74,Low-Value / At-Risk,At Risk (180+)
TXN003009,C00631,2022-09-22,Clothing,Jeans,1,124.54,0.15,105.86,Loyal Frequent,Warm (31-90)
TXN003442,C00733,2022-09-22,Clothing,T-Shirt,1,77.68,0.0,77.68,Low-Value / At-Risk,At Risk (180+)
TXN001423,C00274,2022-09-22,Beauty,Skincare,3,87.55,0.0,262.65,Potential / Occasional,At Risk (180+)
TXN001043,C00195,2022-09-22,Clothing,Dress,2,379.49,0.15,645.13,High-Value Champions,Warm (31-90)
TXN003471,C00741,2022-09-23,Sports,Bicycle,1,125.37,0.05,119.1,Loyal Frequent,Warm (31-90)
TXN003539,C00755,2022-09-23,Home,Decor,2,262.35,0.05,498.46,High-Value Champions,Active (0-30)
TXN000942,C00176,2022-09-24,Beauty,Haircare,3,175.98,0.05,501.54,Potential / Occasional,At Risk (180+)
TXN003250,C00683,2022-09-25,Beauty,Makeup,2,54.02,0.05,102.63,Potential / Occasional,At Risk (180+)
TXN000313,C00052,2022-09-25,Beauty,Makeup,2,386.6,0.0,773.2,High-Value Champions,At Risk (180+)
TXN000174,C00035,2022-09-26,Beauty,Haircare,1,249.88,0.0,249.88,High-Value Champions,Active (0-30)
TXN001791,C00351,2022-09-26,Beauty,Haircare,2,301.33,0.05,572.52,High-Value Champions,Cool (91-180)
TXN001793,C00351,2022-09-26,Beauty,Makeup,1,431.16,0.2,344.93,High-Value Champions,Cool (91-180)
TXN000772,C00137,2022-09-26,Beauty,Haircare,3,90.79,0.0,272.38,High-Value Champions,Warm (31-90)
TXN002136,C00428,2022-09-27,Home,Bedding,1,222.44,0.15,189.07,Loyal Frequent,Warm (31-90)
TXN000971,C00184,2022-09-27,Electronics,Smartwatch,1,32.79,0.0,32.79,Low-Value / At-Risk,At Risk (180+)
TXN000419,C00079,2022-09-28,Sports,Bicycle,3,221.12,0.0,663.37,Loyal Frequent,Cool (91-180)
TXN001097,C00206,2022-09-28,Beauty,Haircare,1,71.02,0.0,71.02,Low-Value / At-Risk,At Risk (180+)
TXN000694,C00127,2022-09-28,Sports,Bicycle,1,177.66,0.0,177.66,Loyal Frequent,Active (0-30)
TXN001448,C00281,2022-09-28,Clothing,Jeans,3,113.48,0.05,323.41,Loyal Frequent,Warm (31-90)
TXN001092,C00204,2022-09-29,Clothing,Dress,1,216.53,0.15,184.05,Loyal Frequent,At Risk (180+)
TXN003084,C00649,2022-09-30,Sports,Yoga Mat,2,42.82,0.0,85.65,Loyal Frequent,Warm (31-90)
TXN001263,C00244,2022-09-30,Electronics,Headphones,1,261.02,0.0,261.02,High-Value Champions,Cool (91-180)
TXN000135,C00023,2022-09-30,Sports,Running Shoes,2,321.75,0.0,643.5,Loyal Frequent,Cool (91-180)
TXN002360,C00485,2022-09-30,Electronics,Laptop,2,119.92,0.05,227.85,Loyal Frequent,At Risk (180+)
TXN003421,C00727,2022-09-30,Home,Cookware,3,83.3,0.1,224.9,Loyal Frequent,Cool (91-180)
TXN001160,C00217,2022-10-01,Clothing,Jacket,1,157.93,0.0,157.93,Low-Value / At-Risk,At Risk (180+)
TXN003427,C00728,2022-10-01,Home,Bedding,1,376.73,0.05,357.89,Loyal Frequent,Warm (31-90)
TXN003460,C00737,2022-10-02,Electronics,Smartphone,2,149.48,0.0,298.96,Potential / Occasional,At Risk (180+)
TXN002327,C00475,2022-10-02,Clothing,T-Shirt,3,168.59,0.0,505.76,Potential / Occasional,At Risk (180+)
TXN001883,C00373,2022-10-02,Home,Bedding,3,166.97,0.05,475.86,Potential / Occasional,Warm (31-90)
TXN003486,C00748,2022-10-02,Sports,Yoga Mat,3,57.98,0.2,139.16,Low-Value / At-Risk,At Risk (180+)
TXN003171,C00669,2022-10-03,Clothing,Dress,3,80.87,0.0,242.61,Potential / Occasional,At Risk (180+)
TXN003622,C00777,2022-10-03,Home,Bedding,3,129.38,0.0,388.14,Loyal Frequent,Active (0-30)
TXN000113,C00019,2022-10-03,Electronics,Headphones,1,219.32,0.0,219.32,High-Value Champions,Cool (91-180)
TXN003391,C00722,2022-10-04,Clothing,Sneakers,3,184.39,0.0,553.18,Potential / Occasional,At Risk (180+)
TXN003387,C00721,2022-10-04,Sports,Dumbbells,2,43.85,0.0,87.69,Loyal Frequent,Warm (31-90)
TXN000612,C00113,2022-10-04,Sports,Yoga Mat,3,56.19,0.1,151.71,Potential / Occasional,At Risk (180+)
TXN002615,C00542,2022-10-05,Home,Lamp,2,196.38,0.2,314.21,High-Value Champions,Warm (31-90)
TXN003154,C00665,2022-10-05,Beauty,Haircare,2,127.11,0.0,254.23,Potential / Occasional,Warm (31-90)
TXN001416,C00273,2022-10-05,Clothing,Jeans,2,202.48,0.1,364.46,Loyal Frequent,At Risk (180+)
TXN002104,C00421,2022-10-06,Sports,Running Shoes,1,18.68,0.0,18.68,Potential / Occasional,At Risk (180+)
TXN001861,C00369,2022-10-07,Home,Decor,2,74.08,0.15,125.94,Low-Value / At-Risk,At Risk (180+)
TXN000765,C00137,2022-10-08,Clothing,Dress,3,325.81,0.1,879.68,High-Value Champions,Warm (31-90)
TXN001320,C00251,2022-10-08,Home,Decor,3,316.23,0.15,806.38,High-Value Champions,Warm (31-90)
TXN001110,C00210,2022-10-08,Electronics,Smartphone,1,133.99,0.05,127.29,Low-Value / At-Risk,At Risk (180+)
TXN000559,C00102,2022-10-09,Home,Cookware,3,394.85,0.05,1125.33,High-Value Champions,Warm (31-90)
TXN003483,C00747,2022-10-09,Home,Cookware,3,82.38,0.0,247.15,Low-Value / At-Risk,At Risk (180+)
TXN000509,C00096,2022-10-09,Electronics,Headphones,2,147.3,0.0,294.61,Loyal Frequent,Warm (31-90)
TXN001779,C00350,2022-10-09,Clothing,Dress,3,158.47,0.0,475.4,Potential / Occasional,Warm (31-90)
TXN002427,C00501,2022-10-10,Beauty,Makeup,3,54.64,0.05,155.73,Potential / Occasional,Active (0-30)
TXN000881,C00161,2022-10-11,Home,Cookware,3,179.33,0.2,430.4,Loyal Frequent,Cool (91-180)
TXN000480,C00088,2022-10-11,Sports,Dumbbells,2,155.51,0.0,311.02,High-Value Champions,Warm (31-90)
TXN003064,C00641,2022-10-11,Electronics,Laptop,3,27.84,0.05,79.34,Potential / Occasional,At Risk (180+)
TXN001602,C00311,2022-10-11,Clothing,Dress,2,115.57,0.0,231.15,Potential / Occasional,Warm (31-90)
TXN000912,C00166,2022-10-11,Beauty,Perfume,3,376.3,0.0,1128.89,High-Value Champions,Active (0-30)
TXN000570,C00105,2022-10-11,Home,Sofa,1,214.21,0.2,171.37,Potential / Occasional,Active (0-30)
TXN001221,C00233,2022-10-12,Beauty,Haircare,1,15.57,0.15,13.24,Low-Value / At-Risk,At Risk (180+)
TXN000224,C00041,2022-10-12,Electronics,Headphones,2,30.67,0.0,61.34,Potential / Occasional,At Risk (180+)
TXN002703,C00554,2022-10-13,Clothing,Dress,1,348.17,0.15,295.95,High-Value Champions,Cool (91-180)
TXN002310,C00472,2022-10-13,Electronics,Headphones,2,361.71,0.15,614.91,Loyal Frequent,At Risk (180+)
TXN002132,C00427,2022-10-13,Clothing,T-Shirt,2,305.54,0.0,611.08,High-Value Champions,Warm (31-90)
TXN001315,C00251,2022-10-15,Clothing,Jeans,3,371.53,0.0,1114.6,High-Value Champions,Warm (31-90)
TXN000060,C00011,2022-10-15,Electronics,Tablet,2,248.26,0.0,496.53,High-Value Champions,Warm (31-90)
TXN000194,C00038,2022-10-15,Beauty,Haircare,3,240.5,0.0,721.49,High-Value Champions,Active (0-30)
TXN002334,C00476,2022-10-15,Clothing,T-Shirt,3,81.94,0.05,233.54,Loyal Frequent,At Risk (180+)
TXN003525,C00755,2022-10-16,Electronics,Laptop,2,264.63,0.0,529.25,High-Value Champions,Active (0-30)
TXN001694,C00330,2022-10-17,Beauty,Perfume,1,95.91,0.0,95.91,Loyal Frequent,Cool (91-180)
TXN002938,C00612,2022-10-17,Clothing,Sneakers,2,73.75,0.0,147.5,Potential / Occasional,Warm (31-90)
TXN002996,C00628,2022-10-17,Electronics,Tablet,3,415.06,0.0,1245.19,High-Value Champions,Cool (91-180)
TXN001894,C00376,2022-10-17,Electronics,Smartphone,3,33.44,0.05,95.31,Potential / Occasional,At Risk (180+)
TXN001219,C00231,2022-10-18,Beauty,Perfume,2,34.26,0.0,68.52,Low-Value / At-Risk,At Risk (180+)
TXN002422,C00499,2022-10-19,Home,Decor,1,150.37,0.2,120.29,Loyal Frequent,Active (0-30)
TXN002845,C00586,2022-10-19,Electronics,Tablet,2,75.63,0.1,136.13,Low-Value / At-Risk,At Risk (180+)
TXN001455,C00282,2022-10-20,Electronics,Smartwatch,3,298.62,0.0,895.87,Loyal Frequent,Cool (91-180)
TXN003165,C00666,2022-10-20,Beauty,Perfume,1,143.06,0.0,143.06,High-Value Champions,Warm (31-90)
TXN003691,C00793,2022-10-20,Electronics,Smartwatch,1,90.45,0.05,85.93,Low-Value / At-Risk,At Risk (180+)
TXN001659,C00321,2022-10-20,Electronics,Tablet,2,223.78,0.05,425.17,Potential / Occasional,At Risk (180+)
TXN003096,C00652,2022-10-20,Home,Lamp,3,52.99,0.05,151.02,Low-Value / At-Risk,At Risk (180+)
TXN002697,C00553,2022-10-20,Sports,Bicycle,1,375.74,0.05,356.95,Loyal Frequent,Warm (31-90)
TXN002003,C00395,2022-10-22,Clothing,Dress,2,90.45,0.0,180.9,Loyal Frequent,At Risk (180+)
TXN001862,C00370,2022-10-22,Sports,Bicycle,2,174.75,0.0,349.5,Potential / Occasional,Cool (91-180)
TXN003024,C00635,2022-10-22,Beauty,Haircare,1,147.58,0.0,147.58,Loyal Frequent,At Risk (180+)
TXN000442,C00084,2022-10-22,Electronics,Headphones,1,381.58,0.15,324.34,Loyal Frequent,At Risk (180+)
TXN003233,C00680,2022-10-22,Clothing,Jeans,1,50.93,0.0,50.93,Loyal Frequent,At Risk (180+)
TXN003049,C00638,2022-10-23,Sports,Yoga Mat,3,89.93,0.0,269.8,High-Value Champions,Warm (31-90)
TXN003299,C00696,2022-10-23,Clothing,T-Shirt,1,177.18,0.15,150.61,Loyal Frequent,At Risk (180+)
TXN001584,C00305,2022-10-23,Clothing,Sneakers,2,98.02,0.0,196.05,Low-Value / At-Risk,At Risk (180+)
TXN000723,C00130,2022-10-24,Home,Bedding,3,211.18,0.1,570.19,High-Value Champions,Warm (31-90)
TXN001376,C00263,2022-10-24,Beauty,Skincare,3,350.73,0.1,946.97,Loyal Frequent,Cool (91-180)
TXN000368,C00067,2022-10-24,Beauty,Perfume,1,263.61,0.0,263.61,High-Value Champions,Warm (31-90)
TXN003105,C00655,2022-10-24,Home,Cookware,2,82.89,0.05,157.5,Low-Value / At-Risk,At Risk (180+)
TXN002358,C00484,2022-10-25,Beauty,Perfume,1,60.59,0.0,60.59,Low-Value / At-Risk,At Risk (180+)
TXN000213,C00040,2022-10-25,Sports,Dumbbells,1,297.69,0.05,282.81,High-Value Champions,Warm (31-90)
TXN001544,C00297,2022-10-25,Home,Cookware,3,182.71,0.0,548.12,Loyal Frequent,Warm (31-90)
TXN003349,C00706,2022-10-26,Electronics,Tablet,3,117.3,0.15,299.12,Low-Value / At-Risk,At Risk (180+)
TXN001012,C00191,2022-10-26,Sports,Bicycle,2,42.64,0.0,85.28,Potential / Occasional,At Risk (180+)
TXN002415,C00498,2022-10-26,Home,Lamp,3,95.31,0.05,271.65,Potential / Occasional,At Risk (180+)
TXN000791,C00140,2022-10-26,Home,Bedding,1,116.88,0.2,93.51,Loyal Frequent,Active (0-30)
TXN000568,C00105,2022-10-27,Electronics,Laptop,1,133.62,0.0,133.62,Potential / Occasional,Active (0-30)
TXN002284,C00464,2022-10-27,Beauty,Perfume,1,107.04,0.05,101.69,Potential / Occasional,At Risk (180+)
TXN001519,C00293,2022-10-27,Beauty,Makeup,1,184.32,0.15,156.67,High-Value Champions,Warm (31-90)
TXN003040,C00638,2022-10-28,Beauty,Perfume,3,237.12,0.1,640.21,High-Value Champions,Warm (31-90)
TXN002319,C00473,2022-10-28,Electronics,Tablet,3,149.1,0.0,447.29,Loyal Frequent,Warm (31-90)
TXN002924,C00607,2022-10-28,Home,Bedding,2,105.36,0.15,179.11,Loyal Frequent,At Risk (180+)
TXN003613,C00776,2022-10-29,Electronics,Smartwatch,1,300.48,0.05,285.45,Loyal Frequent,Cool (91-180)
TXN003326,C00702,2022-10-29,Beauty,Skincare,1,132.07,0.15,112.26,Loyal Frequent,Warm (31-90)
TXN002488,C00517,2022-10-29,Clothing,Jeans,3,151.75,0.05,432.5,Loyal Frequent,Warm (31-90)
TXN002333,C00476,2022-10-29,Electronics,Smartphone,2,242.82,0.05,461.35,Loyal Frequent,At Risk (180+)
TXN003365,C00713,2022-10-30,Electronics,Laptop,1,54.11,0.1,48.7,Low-Value / At-Risk,At Risk (180+)
TXN001356,C00258,2022-10-30,Sports,Dumbbells,2,378.1,0.1,680.58,High-Value Champions,Warm (31-90)
TXN000946,C00177,2022-10-30,Home,Lamp,2,35.46,0.0,70.92,Low-Value / At-Risk,At Risk (180+)
TXN001316,C00251,2022-10-30,Electronics,Headphones,2,205.34,0.1,369.61,High-Value Champions,Warm (31-90)
TXN000311,C00052,2022-10-31,Home,Sofa,3,198.08,0.05,564.52,High-Value Champions,At Risk (180+)
TXN000511,C00096,2022-10-31,Beauty,Makeup,3,155.64,0.15,396.88,Loyal Frequent,Warm (31-90)
TXN000294,C00050,2022-11-01,Beauty,Perfume,2,330.16,0.0,660.32,High-Value Champions,Warm (31-90)
TXN000006,C00002,2022-11-01,Home,Decor,2,86.28,0.05,163.94,Potential / Occasional,At Risk (180+)
TXN003637,C00781,2022-11-01,Clothing,Dress,1,65.67,0.05,62.39,Loyal Frequent,Cool (91-180)
TXN003018,C00633,2022-11-01,Clothing,Dress,2,33.93,0.0,67.85,Potential / Occasional,At Risk (180+)
TXN002779,C00570,2022-11-02,Beauty,Skincare,3,206.57,0.0,619.7,Low-Value / At-Risk,At Risk (180+)
TXN002904,C00600,2022-11-03,Sports,Bicycle,1,180.33,0.0,180.33,Loyal Frequent,At Risk (180+)
TXN002286,C00464,2022-11-03,Home,Bedding,3,82.86,0.0,248.57,Potential / Occasional,At Risk (180+)
TXN000576,C00106,2022-11-03,Home,Decor,2,82.73,0.2,132.37,Loyal Frequent,Warm (31-90)
TXN002198,C00442,2022-11-03,Electronics,Headphones,2,115.24,0.1,207.43,Low-Value / At-Risk,At Risk (180+)
TXN003424,C00728,2022-11-03,Home,Cookware,2,409.41,0.0,818.83,Loyal Frequent,Warm (31-90)
TXN000623,C00116,2022-11-03,Sports,Running Shoes,1,118.39,0.05,112.47,High-Value Champions,Warm (31-90)
TXN002194,C00440,2022-11-04,Electronics,Smartwatch,2,175.32,0.0,350.63,Loyal Frequent,Active (0-30)
TXN000124,C00020,2022-11-04,Beauty,Perfume,3,112.48,0.0,337.44,Low-Value / At-Risk,At Risk (180+)
TXN000110,C00018,2022-11-04,Sports,Yoga Mat,1,181.28,0.0,181.28,Potential / Occasional,At Risk (180+)
TXN000896,C00164,2022-11-04,Beauty,Makeup,1,192.97,0.0,192.97,Potential / Occasional,Cool (91-180)
TXN003364,C00712,2022-11-06,Clothing,T-Shirt,1,227.28,0.0,227.28,Low-Value / At-Risk,At Risk (180+)
TXN000426,C00081,2022-11-06,Home,Decor,1,64.77,0.05,61.53,Potential / Occasional,Cool (91-180)
TXN001790,C00351,2022-11-06,Beauty,Skincare,1,328.26,0.0,328.26,High-Value Champions,Cool (91-180)
TXN000356,C00063,2022-11-06,Clothing,Jeans,3,52.43,0.0,157.28,Potential / Occasional,At Risk (180+)
TXN002798,C00575,2022-11-07,Electronics,Headphones,3,90.09,0.0,270.26,Low-Value / At-Risk,At Risk (180+)
TXN002520,C00522,2022-11-07,Sports,Bicycle,3,90.13,0.1,243.35,Potential / Occasional,At Risk (180+)
TXN001474,C00286,2022-11-07,Home,Sofa,2,109.1,0.15,185.48,High-Value Champions,Warm (31-90)
TXN001238,C00239,2022-11-08,Home,Decor,1,303.33,0.15,257.83,Loyal Frequent,Active (0-30)
TXN002175,C00435,2022-11-08,Electronics,Smartphone,3,247.07,0.0,741.22,High-Value Champions,Cool (91-180)
TXN003358,C00710,2022-11-08,Beauty,Perfume,2,65.91,0.05,125.23,Low-Value / At-Risk,At Risk (180+)
TXN001561,C00300,2022-11-10,Home,Cookware,2,414.06,0.2,662.5,High-Value Champions,Active (0-30)
TXN002059,C00407,2022-11-10,Beauty,Haircare,2,74.39,0.0,148.79,Low-Value / At-Risk,At Risk (180+)
TXN000618,C00114,2022-11-11,Sports,Running Shoes,1,152.88,0.0,152.88,Loyal Frequent,Warm (31-90)
TXN001915,C00382,2022-11-12,Home,Decor,1,230.52,0.0,230.52,Loyal Frequent,Cool (91-180)
TXN001129,C00213,2022-11-13,Clothing,T-Shirt,2,261.99,0.15,445.38,High-Value Champions,Active (0-30)
TXN001035,C00195,2022-11-13,Electronics,Tablet,1,203.19,0.0,203.19,High-Value Champions,Warm (31-90)
TXN003298,C00696,2022-11-13,Beauty,Perfume,2,108.35,0.1,195.03,Loyal Frequent,At Risk (180+)
TXN002479,C00515,2022-11-14,Home,Sofa,1,47.05,0.1,42.35,Potential / Occasional,Warm (31-90)
TXN001671,C00327,2022-11-15,Home,Decor,1,270.52,0.1,243.47,Loyal Frequent,Warm (31-90)
TXN001546,C00297,2022-11-15,Home,Lamp,1,242.74,0.15,206.33,Loyal Frequent,Warm (31-90)
TXN001443,C00280,2022-11-15,Beauty,Skincare,3,138.19,0.0,414.58,Loyal Frequent,At Risk (180+)
TXN001404,C00270,2022-11-15,Home,Cookware,2,388.31,0.05,737.79,High-Value Champions,Warm (31-90)
TXN003282,C00690,2022-11-16,Home,Bedding,2,62.38,0.0,124.76,Potential / Occasional,At Risk (180+)
TXN002618,C00542,2022-11-17,Home,Sofa,3,142.38,0.05,405.79,High-Value Champions,Warm (31-90)
TXN000983,C00186,2022-11-17,Electronics,Smartwatch,2,25.69,0.05,48.82,Potential / Occasional,Cool (91-180)
TXN000253,C00044,2022-11-17,Clothing,Dress,2,328.95,0.0,657.91,High-Value Champions,Cool (91-180)
TXN001002,C00190,2022-11-17,Home,Sofa,3,166.28,0.0,498.84,Loyal Frequent,Warm (31-90)
TXN000864,C00158,2022-11-17,Home,Lamp,1,420.63,0.2,336.51,Loyal Frequent,At Risk (180+)
TXN000241,C00043,2022-11-17,Home,Decor,1,321.27,0.1,289.15,High-Value Champions,Warm (31-90)
TXN000458,C00086,2022-11-17,Sports,Bicycle,3,240.64,0.1,649.74,Loyal Frequent,Warm (31-90)
TXN000945,C00176,2022-11-19,Electronics,Smartphone,3,141.32,0.0,423.97,Potential / Occasional,At Risk (180+)
TXN003697,C00795,2022-11-19,Electronics,Laptop,3,40.07,0.1,108.19,Potential / Occasional,Cool (91-180)
TXN000019,C00005,2022-11-19,Home,Lamp,2,86.22,0.1,155.2,Loyal Frequent,At Risk (180+)
TXN003560,C00760,2022-11-19,Home,Sofa,2,102.7,0.05,195.13,Loyal Frequent,At Risk (180+)
TXN002973,C00625,2022-11-20,Electronics,Smartwatch,2,175.85,0.15,298.95,Potential / Occasional,Warm (31-90)
TXN001117,C00213,2022-11-20,Home,Decor,1,292.37,0.05,277.75,High-Value Champions,Active (0-30)
TXN001749,C00341,2022-11-21,Sports,Dumbbells,2,30.33,0.0,60.66,Potential / Occasional,At Risk (180+)
TXN001600,C00310,2022-11-21,Home,Cookware,3,27.98,0.1,75.53,Potential / Occasional,Cool (91-180)
TXN000649,C00120,2022-11-21,Electronics,Smartwatch,1,347.29,0.0,347.29,Loyal Frequent,At Risk (180+)
TXN000667,C00123,2022-11-22,Sports,Bicycle,3,341.82,0.05,974.19,High-Value Champions,Active (0-30)
TXN001895,C00377,2022-11-23,Sports,Yoga Mat,2,137.62,0.2,220.19,Loyal Frequent,Cool (91-180)
TXN000436,C00083,2022-11-23,Electronics,Laptop,1,235.05,0.1,211.54,Loyal Frequent,Cool (91-180)
TXN000642,C00118,2022-11-23,Sports,Running Shoes,3,183.07,0.1,494.29,Low-Value / At-Risk,At Risk (180+)
TXN001157,C00215,2022-11-23,Electronics,Smartphone,1,417.53,0.2,334.03,High-Value Champions,Active (0-30)
TXN000463,C00086,2022-11-23,Electronics,Headphones,2,164.37,0.0,328.73,Loyal Frequent,Warm (31-90)
TXN000116,C00019,2022-11-24,Sports,Running Shoes,2,156.79,0.1,282.22,High-Value Champions,Cool (91-180)
TXN000289,C00050,2022-11-24,Electronics,Laptop,2,295.76,0.15,502.79,High-Value Champions,Warm (31-90)
TXN000870,C00158,2022-11-24,Sports,Dumbbells,3,215.62,0.0,646.87,Loyal Frequent,At Risk (180+)
TXN000766,C00137,2022-11-24,Sports,Yoga Mat,3,335.22,0.0,1005.67,High-Value Champions,Warm (31-90)
TXN003329,C00703,2022-11-24,Clothing,Jeans,2,104.51,0.0,209.03,Low-Value / At-Risk,At Risk (180+)
TXN003404,C00725,2022-11-25,Electronics,Laptop,1,373.54,0.15,317.51,Loyal Frequent,Warm (31-90)
TXN001884,C00373,2022-11-25,Home,Decor,2,105.47,0.1,189.85,Potential / Occasional,Warm (31-90)
TXN000785,C00138,2022-11-25,Sports,Dumbbells,1,144.67,0.2,115.74,High-Value Champions,Active (0-30)
TXN002368,C00486,2022-11-25,Beauty,Haircare,2,146.26,0.0,292.51,Potential / Occasional,Cool (91-180)
TXN002724,C00557,2022-11-25,Sports,Bicycle,2,124.85,0.0,249.69,Loyal Frequent,Active (0-30)
TXN001827,C00361,2022-11-25,Beauty,Perfume,1,328.16,0.0,328.16,High-Value Champions,Warm (31-90)
TXN001147,C00215,2022-11-26,Home,Sofa,3,256.86,0.05,732.05,High-Value Champions,Active (0-30)
TXN001622,C00315,2022-11-26,Home,Sofa,1,127.51,0.05,121.13,Loyal Frequent,At Risk (180+)
TXN002693,C00553,2022-11-26,Beauty,Perfume,2,289.13,0.0,578.26,Loyal Frequent,Warm (31-90)
TXN002242,C00454,2022-11-26,Beauty,Perfume,1,131.98,0.15,112.19,High-Value Champions,At Risk (180+)
TXN002441,C00504,2022-11-26,Sports,Running Shoes,1,55.03,0.0,55.03,Potential / Occasional,At Risk (180+)
TXN001061,C00199,2022-11-26,Electronics,Tablet,3,199.02,0.15,507.51,High-Value Champions,Warm (31-90)
TXN000405,C00073,2022-11-27,Beauty,Perfume,3,147.22,0.0,441.66,Potential / Occasional,Cool (91-180)
TXN001892,C00376,2022-11-27,Home,Bedding,3,37.53,0.0,112.59,Potential / Occasional,At Risk (180+)
TXN002237,C00454,2022-11-27,Sports,Running Shoes,1,429.96,0.0,429.96,High-Value Champions,At Risk (180+)
TXN000045,C00007,2022-11-27,Sports,Yoga Mat,1,380.7,0.0,380.7,High-Value Champions,Active (0-30)
TXN003575,C00764,2022-11-28,Electronics,Tablet,1,137.3,0.0,137.3,Potential / Occasional,Warm (31-90)
TXN001412,C00271,2022-11-28,Sports,Running Shoes,3,55.83,0.1,150.74,Potential / Occasional,At Risk (180+)
TXN003679,C00790,2022-11-29,Electronics,Smartphone,2,63.46,0.0,126.93,Potential / Occasional,Cool (91-180)
TXN001581,C00304,2022-11-29,Sports,Bicycle,3,118.66,0.0,355.97,Low-Value / At-Risk,At Risk (180+)
TXN002228,C00453,2022-11-29,Electronics,Headphones,2,58.52,0.1,105.33,Potential / Occasional,Cool (91-180)
TXN003476,C00743,2022-11-29,Sports,Running Shoes,3,161.31,0.2,387.14,Potential / Occasional,At Risk (180+)
TXN003027,C00635,2022-11-30,Clothing,Jeans,3,172.61,0.0,517.83,Loyal Frequent,At Risk (180+)
TXN001228,C00236,2022-11-30,Electronics,Tablet,3,168.3,0.0,504.9,Loyal Frequent,At Risk (180+)
TXN003633,C00780,2022-12-01,Home,Bedding,1,90.76,0.0,90.76,Low-Value / At-Risk,At Risk (180+)
TXN001589,C00308,2022-12-01,Beauty,Makeup,3,329.4,0.1,889.38,Loyal Frequent,At Risk (180+)
TXN000011,C00004,2022-12-02,Home,Cookware,3,82.72,0.0,248.16,Potential / Occasional,Warm (31-90)
TXN001549,C00298,2022-12-02,Beauty,Haircare,2,133.24,0.0,266.48,Potential / Occasional,At Risk (180+)
TXN003236,C00681,2022-12-02,Clothing,T-Shirt,3,230.65,0.1,622.76,Loyal Frequent,At Risk (180+)
TXN002688,C00552,2022-12-02,Electronics,Smartwatch,3,247.13,0.05,704.33,Loyal Frequent,At Risk (180+)
TXN000920,C00167,2022-12-03,Home,Sofa,2,446.54,0.0,893.08,High-Value Champions,Cool (91-180)
TXN001868,C00371,2022-12-03,Sports,Bicycle,2,107.62,0.1,193.72,High-Value Champions,Active (0-30)
TXN001202,C00228,2022-12-03,Beauty,Makeup,3,109.12,0.0,327.35,Loyal Frequent,At Risk (180+)
TXN000496,C00094,2022-12-04,Home,Bedding,3,386.87,0.0,1160.62,Loyal Frequent,Cool (91-180)
TXN003724,C00800,2022-12-05,Clothing,Jeans,3,132.2,0.0,396.6,Potential / Occasional,Cool (91-180)
TXN001477,C00286,2022-12-05,Sports,Dumbbells,1,328.83,0.15,279.51,High-Value Champions,Warm (31-90)
TXN000073,C00013,2022-12-06,Sports,Running Shoes,2,405.96,0.05,771.32,High-Value Champions,Active (0-30)
TXN000040,C00007,2022-12-06,Home,Lamp,1,216.29,0.0,216.29,High-Value Champions,Active (0-30)
TXN002572,C00536,2022-12-07,Beauty,Skincare,2,243.33,0.1,437.99,Low-Value / At-Risk,At Risk (180+)
TXN001530,C00294,2022-12-07,Sports,Running Shoes,3,225.66,0.1,609.27,Loyal Frequent,Warm (31-90)
TXN001797,C00352,2022-12-08,Beauty,Makeup,2,348.46,0.0,696.92,Loyal Frequent,At Risk (180+)
TXN001259,C00244,2022-12-08,Sports,Bicycle,2,114.8,0.1,206.64,High-Value Champions,Cool (91-180)
TXN000366,C00066,2022-12-09,Beauty,Perfume,2,106.63,0.0,213.27,Low-Value / At-Risk,At Risk (180+)
TXN003194,C00675,2022-12-09,Beauty,Skincare,3,141.52,0.0,424.56,High-Value Champions,Cool (91-180)
TXN001664,C00324,2022-12-09,Home,Lamp,1,27.23,0.05,25.87,Potential / Occasional,At Risk (180+)
TXN002760,C00564,2022-12-10,Clothing,Jacket,1,244.68,0.0,244.68,Potential / Occasional,Active (0-30)
TXN002750,C00562,2022-12-10,Sports,Dumbbells,3,160.59,0.05,457.67,High-Value Champions,Cool (91-180)
TXN001925,C00383,2022-12-10,Sports,Yoga Mat,1,73.25,0.1,65.93,Potential / Occasional,Cool (91-180)
TXN000625,C00116,2022-12-10,Electronics,Smartphone,3,382.36,0.0,1147.08,High-Value Champions,Warm (31-90)
TXN003229,C00680,2022-12-10,Electronics,Laptop,3,165.34,0.1,446.43,Loyal Frequent,At Risk (180+)
TXN002301,C00470,2022-12-10,Electronics,Smartwatch,2,37.11,0.05,70.5,Potential / Occasional,At Risk (180+)
TXN003541,C00756,2022-12-11,Home,Lamp,1,164.41,0.05,156.19,High-Value Champions,Active (0-30)
TXN001273,C00245,2022-12-11,Home,Lamp,1,150.11,0.0,150.11,Loyal Frequent,Active (0-30)
TXN003048,C00638,2022-12-11,Beauty,Skincare,2,372.52,0.15,633.28,High-Value Champions,Warm (31-90)
TXN001271,C00244,2022-12-11,Sports,Dumbbells,2,391.02,0.0,782.05,High-Value Champions,Cool (91-180)
TXN000377,C00067,2022-12-11,Clothing,T-Shirt,2,285.4,0.05,542.26,High-Value Champions,Warm (31-90)
TXN003436,C00731,2022-12-13,Home,Bedding,1,103.73,0.05,98.55,Potential / Occasional,Active (0-30)
TXN000364,C00066,2022-12-13,Clothing,Dress,1,94.84,0.1,85.36,Low-Value / At-Risk,At Risk (180+)
TXN001475,C00286,2022-12-13,Clothing,Sneakers,1,119.0,0.05,113.05,High-Value Champions,Warm (31-90)
TXN001511,C00291,2022-12-14,Sports,Running Shoes,1,58.7,0.05,55.77,Low-Value / At-Risk,At Risk (180+)
TXN003066,C00642,2022-12-14,Beauty,Haircare,3,37.25,0.0,111.74,Potential / Occasional,At Risk (180+)
TXN000298,C00050,2022-12-14,Home,Lamp,2,449.17,0.0,898.33,High-Value Champions,Warm (31-90)
TXN002236,C00454,2022-12-14,Electronics,Smartphone,1,176.41,0.0,176.41,High-Value Champions,At Risk (180+)
TXN000680,C00125,2022-12-15,Sports,Bicycle,2,397.54,0.0,795.07,High-Value Champions,Warm (31-90)
TXN003538,C00755,2022-12-15,Sports,Running Shoes,2,431.25,0.0,862.51,High-Value Champions,Active (0-30)
TXN002609,C00542,2022-12-15,Home,Cookware,2,92.18,0.05,175.13,High-Value Champions,Warm (31-90)
TXN001433,C00276,2022-12-15,Clothing,Dress,2,80.91,0.0,161.81,Loyal Frequent,At Risk (180+)
TXN002049,C00405,2022-12-17,Home,Lamp,2,230.73,0.0,461.47,Potential / Occasional,At Risk (180+)
TXN003511,C00754,2022-12-18,Home,Decor,2,442.3,0.05,840.36,High-Value Champions,Active (0-30)
TXN002413,C00498,2022-12-18,Home,Decor,1,218.2,0.0,218.2,Potential / Occasional,At Risk (180+)
TXN000660,C00121,2022-12-19,Beauty,Skincare,2,123.33,0.05,234.32,Low-Value / At-Risk,At Risk (180+)
TXN002756,C00563,2022-12-19,Home,Decor,3,76.37,0.1,206.21,Potential / Occasional,At Risk (180+)
TXN000569,C00105,2022-12-19,Sports,Dumbbells,1,58.21,0.15,49.48,Potential / Occasional,Active (0-30)
TXN003578,C00765,2022-12-20,Clothing,Jeans,1,56.64,0.0,56.64,Low-Value / At-Risk,At Risk (180+)
TXN003162,C00666,2022-12-20,Beauty,Skincare,3,398.47,0.1,1075.87,High-Value Champions,Warm (31-90)
TXN002929,C00609,2022-12-20,Clothing,Sneakers,2,35.75,0.05,67.92,Potential / Occasional,Warm (31-90)
TXN003482,C00747,2022-12-20,Sports,Dumbbells,3,97.21,0.15,247.9,Low-Value / At-Risk,At Risk (180+)
TXN002855,C00589,2022-12-21,Home,Cookware,2,415.49,0.0,830.99,Loyal Frequent,At Risk (180+)
TXN002839,C00585,2022-12-21,Clothing,Dress,2,278.81,0.05,529.75,High-Value Champions,Cool (91-180)
TXN001362,C00258,2022-12-22,Home,Lamp,1,364.62,0.2,291.7,High-Value Champions,Warm (31-90)
TXN000698,C00127,2022-12-24,Clothing,T-Shirt,3,216.16,0.0,648.47,Loyal Frequent,Active (0-30)
TXN003426,C00728,2022-12-24,Beauty,Skincare,1,136.1,0.0,136.1,Loyal Frequent,Warm (31-90)
TXN003128,C00659,2022-12-24,Sports,Dumbbells,1,164.73,0.0,164.73,Loyal Frequent,Cool (91-180)
TXN003380,C00719,2022-12-24,Beauty,Skincare,1,56.43,0.0,56.43,Low-Value / At-Risk,At Risk (180+)
TXN003466,C00741,2022-12-25,Clothing,Jacket,1,125.58,0.0,125.58,Loyal Frequent,Warm (31-90)
TXN002054,C00406,2022-12-25,Clothing,T-Shirt,1,102.06,0.0,102.06,Loyal Frequent,At Risk (180+)
TXN003248,C00682,2022-12-25,Electronics,Smartphone,3,75.32,0.15,192.07,Potential / Occasional,At Risk (180+)
TXN001292,C00249,2022-12-25,Electronics,Smartphone,3,180.75,0.0,542.24,High-Value Champions,Warm (31-90)
TXN000961,C00180,2022-12-25,Beauty,Haircare,2,190.06,0.2,304.09,Potential / Occasional,Cool (91-180)
TXN002176,C00436,2022-12-25,Sports,Bicycle,1,76.69,0.0,76.69,Potential / Occasional,At Risk (180+)
TXN003430,C00728,2022-12-25,Electronics,Tablet,2,95.99,0.0,191.99,Loyal Frequent,Warm (31-90)
TXN001746,C00340,2022-12-26,Home,Sofa,3,28.62,0.1,77.27,Potential / Occasional,At Risk (180+)
TXN003521,C00755,2022-12-26,Electronics,Smartphone,1,218.2,0.0,218.2,High-Value Champions,Active (0-30)
TXN002342,C00479,2022-12-27,Electronics,Smartwatch,1,203.72,0.05,193.53,Potential / Occasional,Active (0-30)
TXN001639,C00318,2022-12-28,Sports,Running Shoes,1,237.06,0.0,237.06,Loyal Frequent,Warm (31-90)
TXN002473,C00513,2022-12-29,Home,Bedding,3,74.36,0.05,211.91,Potential / Occasional,At Risk (180+)
TXN001995,C00393,2022-12-29,Beauty,Haircare,1,22.66,0.0,22.66,Potential / Occasional,Warm (31-90)
TXN002371,C00487,2022-12-29,Clothing,Jacket,1,77.43,0.0,77.43,Low-Value / At-Risk,At Risk (180+)
TXN000981,C00185,2022-12-29,Home,Sofa,3,382.88,0.0,1148.64,Loyal Frequent,Cool (91-180)
TXN000916,C00167,2022-12-29,Electronics,Laptop,1,119.31,0.05,113.35,High-Value Champions,Cool (91-180)
TXN001543,C00297,2022-12-29,Clothing,Sneakers,1,176.12,0.0,176.12,Loyal Frequent,Warm (31-90)
TXN000182,C00037,2022-12-29,Electronics,Smartphone,3,116.04,0.0,348.11,Potential / Occasional,Cool (91-180)
TXN001201,C00228,2022-12-30,Beauty,Skincare,2,190.28,0.05,361.53,Loyal Frequent,At Risk (180+)
TXN001590,C00308,2022-12-30,Beauty,Haircare,2,187.11,0.1,336.81,Loyal Frequent,At Risk (180+)
TXN002164,C00435,2023-01-01,Electronics,Smartphone,1,279.09,0.0,279.09,High-Value Champions,Cool (91-180)
TXN000485,C00090,2023-01-01,Beauty,Skincare,1,102.58,0.0,102.58,Loyal Frequent,Cool (91-180)
TXN002233,C00454,2023-01-01,Sports,Yoga Mat,3,199.79,0.0,599.38,High-Value Champions,At Risk (180+)
TXN000078,C00013,2023-01-01,Clothing,Sneakers,3,204.05,0.0,612.16,High-Value Champions,Active (0-30)
TXN002902,C00600,2023-01-02,Electronics,Headphones,2,222.66,0.0,445.32,Loyal Frequent,At Risk (180+)
TXN002668,C00551,2023-01-02,Electronics,Laptop,3,449.37,0.0,1348.12,High-Value Champions,Warm (31-90)
TXN000296,C00050,2023-01-02,Sports,Yoga Mat,1,207.88,0.0,207.88,High-Value Champions,Warm (31-90)
TXN002105,C00422,2023-01-02,Sports,Bicycle,1,207.22,0.0,207.22,Loyal Frequent,Active (0-30)
TXN002499,C00518,2023-01-03,Electronics,Tablet,1,276.8,0.1,249.12,High-Value Champions,Cool (91-180)
TXN002621,C00543,2023-01-03,Clothing,T-Shirt,3,142.44,0.1,384.59,Loyal Frequent,At Risk (180+)
TXN000583,C00108,2023-01-03,Home,Lamp,3,240.33,0.05,684.94,Loyal Frequent,Active (0-30)
TXN003144,C00663,2023-01-03,Sports,Dumbbells,2,66.53,0.1,119.76,Potential / Occasional,At Risk (180+)
TXN002073,C00411,2023-01-03,Electronics,Smartwatch,1,28.7,0.0,28.7,Potential / Occasional,At Risk (180+)
TXN003555,C00757,2023-01-04,Electronics,Tablet,2,103.66,0.0,207.31,Low-Value / At-Risk,At Risk (180+)
TXN000669,C00123,2023-01-04,Clothing,Jeans,1,388.7,0.1,349.83,High-Value Champions,Active (0-30)
TXN002410,C00497,2023-01-04,Home,Sofa,3,289.54,0.1,781.75,High-Value Champions,At Risk (180+)
TXN002860,C00589,2023-01-04,Electronics,Headphones,1,162.51,0.0,162.51,Loyal Frequent,At Risk (180+)
TXN001714,C00333,2023-01-05,Clothing,Sneakers,2,143.0,0.0,286.0,High-Value Champions,Active (0-30)
TXN000700,C00128,2023-01-06,Beauty,Perfume,1,313.49,0.1,282.14,Loyal Frequent,Active (0-30)
TXN003678,C00790,2023-01-06,Electronics,Tablet,3,195.87,0.0,587.6,Potential / Occasional,Cool (91-180)
TXN002686,C00552,2023-01-06,Electronics,Laptop,1,247.81,0.0,247.81,Loyal Frequent,At Risk (180+)
TXN001014,C00192,2023-01-06,Sports,Yoga Mat,3,22.93,0.1,61.91,Low-Value / At-Risk,At Risk (180+)
TXN000861,C00156,2023-01-06,Clothing,Jacket,3,24.43,0.0,73.29,Low-Value / At-Risk,At Risk (180+)
TXN002730,C00559,2023-01-06,Beauty,Haircare,3,90.48,0.05,257.87,Potential / Occasional,Cool (91-180)
TXN001645,C00319,2023-01-06,Clothing,Dress,2,151.61,0.05,288.06,Low-Value / At-Risk,At Risk (180+)
TXN000855,C00154,2023-01-06,Beauty,Skincare,1,289.61,0.0,289.61,High-Value Champions,Cool (91-180)
TXN003163,C00666,2023-01-07,Sports,Running Shoes,2,114.25,0.05,217.08,High-Value Champions,Warm (31-90)
TXN000266,C00046,2023-01-07,Home,Cookware,3,175.43,0.0,526.29,Potential / Occasional,At Risk (180+)
TXN000671,C00123,2023-01-08,Clothing,Dress,3,400.49,0.0,1201.46,High-Value Champions,Active (0-30)
TXN001198,C00228,2023-01-10,Home,Bedding,1,403.88,0.05,383.69,Loyal Frequent,At Risk (180+)
TXN000067,C00011,2023-01-10,Sports,Yoga Mat,3,143.43,0.1,387.26,High-Value Champions,Warm (31-90)
TXN003423,C00728,2023-01-10,Clothing,Sneakers,3,247.91,0.05,706.55,Loyal Frequent,Warm (31-90)
TXN000206,C00039,2023-01-10,Sports,Dumbbells,1,209.04,0.05,198.59,Loyal Frequent,Active (0-30)
TXN001145,C00215,2023-01-11,Home,Bedding,2,248.76,0.0,497.51,High-Value Champions,Active (0-30)
TXN003192,C00675,2023-01-11,Home,Decor,3,110.33,0.0,330.99,High-Value Champions,Cool (91-180)
TXN001801,C00352,2023-01-12,Beauty,Makeup,2,245.96,0.0,491.92,Loyal Frequent,At Risk (180+)
TXN000309,C00052,2023-01-12,Home,Sofa,1,226.64,0.0,226.64,High-Value Champions,At Risk (180+)
TXN000322,C00054,2023-01-13,Electronics,Headphones,3,132.64,0.05,378.03,Potential / Occasional,At Risk (180+)
TXN000519,C00097,2023-01-13,Sports,Dumbbells,1,353.75,0.05,336.06,High-Value Champions,Cool (91-180)
TXN001844,C00363,2023-01-13,Beauty,Skincare,2,53.53,0.0,107.05,Loyal Frequent,Cool (91-180)
TXN000867,C00158,2023-01-14,Clothing,Dress,2,204.77,0.1,368.58,Loyal Frequent,At Risk (180+)
TXN003520,C00754,2023-01-14,Sports,Dumbbells,1,386.78,0.0,386.78,High-Value Champions,Active (0-30)
TXN003109,C00656,2023-01-14,Beauty,Perfume,3,111.0,0.15,283.06,Loyal Frequent,Cool (91-180)
TXN002628,C00545,2023-01-14,Electronics,Laptop,2,138.39,0.15,235.27,Loyal Frequent,At Risk (180+)
TXN001721,C00335,2023-01-14,Home,Decor,1,143.71,0.0,143.71,High-Value Champions,Cool (91-180)
TXN000798,C00143,2023-01-14,Clothing,Dress,3,24.18,0.1,65.28,Potential / Occasional,At Risk (180+)
TXN002445,C00506,2023-01-15,Clothing,Jeans,3,211.48,0.05,602.71,Loyal Frequent,At Risk (180+)
TXN000640,C00118,2023-01-15,Sports,Yoga Mat,2,244.73,0.1,440.51,Low-Value / At-Risk,At Risk (180+)
TXN003067,C00643,2023-01-15,Clothing,Jeans,3,29.97,0.0,89.92,Potential / Occasional,At Risk (180+)
TXN001352,C00258,2023-01-16,Electronics,Laptop,3,443.59,0.0,1330.77,High-Value Champions,Warm (31-90)
TXN000304,C00052,2023-01-16,Sports,Running Shoes,3,121.15,0.0,363.44,High-Value Champions,At Risk (180+)
TXN002315,C00473,2023-01-17,Electronics,Laptop,1,243.28,0.0,243.28,Loyal Frequent,Warm (31-90)
TXN003254,C00684,2023-01-17,Home,Sofa,1,85.12,0.05,80.87,Potential / Occasional,Cool (91-180)
TXN002287,C00465,2023-01-17,Sports,Bicycle,1,82.37,0.0,82.37,Low-Value / At-Risk,At Risk (180+)
TXN003028,C00635,2023-01-17,Clothing,Jeans,3,101.26,0.0,303.79,Loyal Frequent,At Risk (180+)
TXN003116,C00657,2023-01-18,Clothing,Dress,1,114.49,0.05,108.77,Loyal Frequent,At Risk (180+)
TXN000324,C00054,2023-01-18,Sports,Running Shoes,1,172.61,0.0,172.61,Potential / Occasional,At Risk (180+)
TXN002593,C00540,2023-01-18,Home,Bedding,2,98.36,0.05,186.89,Loyal Frequent,Warm (31-90)
TXN001194,C00227,2023-01-18,Electronics,Smartwatch,3,129.21,0.0,387.64,Potential / Occasional,At Risk (180+)
TXN000055,C00010,2023-01-18,Clothing,Jacket,2,91.97,0.1,165.54,Potential / Occasional,At Risk (180+)
TXN000397,C00070,2023-01-19,Clothing,Jeans,3,110.47,0.1,298.27,Potential / Occasional,At Risk (180+)
TXN001563,C00300,2023-01-20,Beauty,Makeup,1,392.47,0.2,313.98,High-Value Champions,Active (0-30)
TXN001170,C00220,2023-01-20,Home,Lamp,1,85.35,0.0,85.35,Low-Value / At-Risk,At Risk (180+)
TXN003685,C00791,2023-01-21,Clothing,Jeans,2,160.5,0.0,321.01,Loyal Frequent,At Risk (180+)
TXN002033,C00401,2023-01-21,Clothing,Jacket,2,167.19,0.05,317.66,Loyal Frequent,Warm (31-90)
TXN000420,C00079,2023-01-22,Beauty,Perfume,1,172.22,0.0,172.22,Loyal Frequent,Cool (91-180)
TXN002356,C00483,2023-01-22,Beauty,Skincare,3,91.26,0.0,273.78,Loyal Frequent,Cool (91-180)
TXN003002,C00629,2023-01-22,Clothing,Sneakers,3,91.84,0.0,275.51,Loyal Frequent,At Risk (180+)
TXN001247,C00240,2023-01-22,Sports,Running Shoes,2,347.66,0.05,660.55,Loyal Frequent,At Risk (180+)
TXN002282,C00463,2023-01-22,Sports,Dumbbells,2,17.53,0.05,33.31,Potential / Occasional,At Risk (180+)
TXN000973,C00185,2023-01-22,Clothing,Jacket,1,406.23,0.15,345.3,Loyal Frequent,Cool (91-180)
TXN000112,C00019,2023-01-23,Sports,Running Shoes,3,80.24,0.05,228.69,High-Value Champions,Cool (91-180)
TXN001222,C00233,2023-01-23,Beauty,Makeup,2,62.32,0.05,118.42,Low-Value / At-Risk,At Risk (180+)
TXN001795,C00352,2023-01-24,Sports,Bicycle,3,384.47,0.0,1153.41,Loyal Frequent,At Risk (180+)
TXN003722,C00799,2023-01-25,Electronics,Smartphone,2,175.55,0.1,316.0,Potential / Occasional,Warm (31-90)
TXN000131,C00023,2023-01-25,Sports,Running Shoes,2,215.38,0.0,430.76,Loyal Frequent,Cool (91-180)
TXN002429,C00502,2023-01-25,Electronics,Smartwatch,2,219.66,0.0,439.31,Loyal Frequent,Warm (31-90)
TXN003146,C00663,2023-01-25,Clothing,Dress,2,43.3,0.0,86.59,Potential / Occasional,At Risk (180+)
TXN001338,C00255,2023-01-26,Home,Sofa,1,231.69,0.0,231.69,Loyal Frequent,At Risk (180+)
TXN003187,C00675,2023-01-26,Home,Sofa,2,157.3,0.0,314.59,High-Value Champions,Cool (91-180)
TXN002901,C00600,2023-01-26,Clothing,Dress,3,193.06,0.0,579.17,Loyal Frequent,At Risk (180+)
TXN000529,C00099,2023-01-27,Sports,Dumbbells,3,108.96,0.05,310.54,Loyal Frequent,Cool (91-180)
TXN002841,C00585,2023-01-27,Sports,Dumbbells,3,156.84,0.0,470.53,High-Value Champions,Cool (91-180)
TXN002758,C00564,2023-01-27,Clothing,Sneakers,1,147.95,0.0,147.95,Potential / Occasional,Active (0-30)
TXN001275,C00245,2023-01-28,Home,Decor,2,242.96,0.0,485.92,Loyal Frequent,Active (0-30)
TXN003375,C00717,2023-01-28,Sports,Running Shoes,2,113.85,0.15,193.54,Low-Value / At-Risk,At Risk (180+)
TXN000096,C00014,2023-01-28,Home,Cookware,2,427.96,0.0,855.91,High-Value Champions,Active (0-30)
TXN001891,C00375,2023-01-28,Sports,Running Shoes,1,243.88,0.1,219.49,Potential / Occasional,Active (0-30)
TXN000931,C00169,2023-01-29,Clothing,T-Shirt,1,107.57,0.1,96.81,Low-Value / At-Risk,At Risk (180+)
TXN000600,C00111,2023-01-29,Clothing,Dress,3,93.5,0.2,224.39,Potential / Occasional,Cool (91-180)
TXN001021,C00193,2023-01-29,Clothing,Jacket,1,447.99,0.0,447.99,High-Value Champions,Warm (31-90)
TXN002800,C00576,2023-01-29,Electronics,Headphones,3,50.55,0.0,151.64,Low-Value / At-Risk,At Risk (180+)
TXN002873,C00593,2023-01-29,Home,Decor,3,25.73,0.0,77.18,Potential / Occasional,Cool (91-180)
TXN001879,C00371,2023-01-30,Beauty,Makeup,1,373.41,0.0,373.41,High-Value Champions,Active (0-30)
TXN001761,C00344,2023-01-30,Beauty,Haircare,2,73.28,0.05,139.22,Low-Value / At-Risk,At Risk (180+)
TXN000666,C00123,2023-01-31,Clothing,Sneakers,1,129.32,0.0,129.32,High-Value Champions,Active (0-30)
TXN003379,C00718,2023-01-31,Sports,Running Shoes,2,152.85,0.05,290.42,Potential / Occasional,At Risk (180+)
TXN000844,C00153,2023-01-31,Clothing,T-Shirt,3,297.61,0.0,892.82,Loyal Frequent,At Risk (180+)
TXN000998,C00190,2023-01-31,Sports,Running Shoes,2,355.44,0.1,639.8,Loyal Frequent,Warm (31-90)
TXN001359,C00258,2023-01-31,Beauty,Makeup,2,439.62,0.0,879.24,High-Value Champions,Warm (31-90)
TXN002037,C00401,2023-01-31,Home,Lamp,3,246.99,0.0,740.98,Loyal Frequent,Warm (31-90)
TXN000759,C00137,2023-02-01,Clothing,Jeans,1,92.73,0.1,83.46,High-Value Champions,Warm (31-90)
TXN000722,C00130,2023-02-01,Beauty,Perfume,2,444.11,0.2,710.58,High-Value Champions,Warm (31-90)
TXN001755,C00343,2023-02-01,Clothing,Sneakers,2,155.26,0.05,294.99,Loyal Frequent,Cool (91-180)
TXN002911,C00603,2023-02-01,Sports,Yoga Mat,3,57.47,0.1,155.18,Potential / Occasional,Active (0-30)
TXN001922,C00382,2023-02-01,Home,Sofa,2,144.6,0.05,274.73,Loyal Frequent,Cool (91-180)
TXN000823,C00147,2023-02-02,Home,Cookware,2,151.15,0.1,272.06,Loyal Frequent,At Risk (180+)
TXN003273,C00688,2023-02-02,Electronics,Headphones,1,142.47,0.05,135.35,Loyal Frequent,At Risk (180+)
TXN003446,C00734,2023-02-02,Sports,Yoga Mat,3,242.94,0.1,655.94,Loyal Frequent,Active (0-30)
TXN002677,C00551,2023-02-03,Electronics,Smartphone,3,374.32,0.15,954.51,High-Value Champions,Warm (31-90)
TXN002766,C00566,2023-02-03,Electronics,Smartphone,3,87.59,0.2,210.22,Low-Value / At-Risk,At Risk (180+)
TXN002650,C00548,2023-02-03,Home,Sofa,1,261.14,0.0,261.14,High-Value Champions,Warm (31-90)
TXN001559,C00300,2023-02-03,Electronics,Headphones,1,109.42,0.0,109.42,High-Value Champions,Active (0-30)
TXN002201,C00443,2023-02-03,Electronics,Smartphone,1,53.16,0.05,50.5,Potential / Occasional,Cool (91-180)
TXN002852,C00589,2023-02-03,Beauty,Skincare,1,189.86,0.0,189.86,Loyal Frequent,At Risk (180+)
TXN002435,C00502,2023-02-04,Home,Lamp,2,162.59,0.0,325.18,Loyal Frequent,Warm (31-90)
TXN002943,C00614,2023-02-05,Sports,Yoga Mat,3,141.02,0.1,380.77,Potential / Occasional,Cool (91-180)
TXN000822,C00147,2023-02-05,Home,Lamp,3,139.65,0.2,335.17,Loyal Frequent,At Risk (180+)
TXN002370,C00487,2023-02-05,Electronics,Tablet,3,24.23,0.15,61.78,Low-Value / At-Risk,At Risk (180+)
TXN003093,C00652,2023-02-05,Clothing,Sneakers,1,194.66,0.15,165.46,Low-Value / At-Risk,At Risk (180+)
TXN003385,C00721,2023-02-05,Electronics,Tablet,1,116.4,0.05,110.58,Loyal Frequent,Warm (31-90)
TXN000028,C00007,2023-02-05,Electronics,Tablet,3,175.55,0.05,500.3,High-Value Champions,Active (0-30)
TXN001106,C00210,2023-02-06,Beauty,Skincare,1,249.33,0.15,211.93,Low-Value / At-Risk,At Risk (180+)
TXN003455,C00736,2023-02-07,Electronics,Laptop,3,49.94,0.05,142.34,Loyal Frequent,Warm (31-90)
TXN000877,C00160,2023-02-07,Home,Bedding,3,195.51,0.05,557.19,Potential / Occasional,Active (0-30)
TXN000832,C00151,2023-02-08,Electronics,Tablet,1,193.51,0.1,174.16,Potential / Occasional,At Risk (180+)
TXN003216,C00677,2023-02-08,Beauty,Haircare,3,443.56,0.15,1131.08,High-Value Champions,Active (0-30)
TXN003180,C00673,2023-02-08,Sports,Dumbbells,1,92.48,0.05,87.85,Potential / Occasional,At Risk (180+)
TXN002273,C00461,2023-02-08,Electronics,Headphones,3,42.79,0.0,128.36,Potential / Occasional,At Risk (180+)
TXN002699,C00554,2023-02-09,Home,Cookware,1,187.08,0.2,149.66,High-Value Champions,Cool (91-180)
TXN000208,C00040,2023-02-09,Beauty,Perfume,3,430.85,0.0,1292.56,High-Value Champions,Warm (31-90)
TXN002765,C00565,2023-02-09,Electronics,Tablet,1,68.6,0.05,65.17,Potential / Occasional,Cool (91-180)
TXN003264,C00687,2023-02-09,Home,Lamp,3,50.45,0.0,151.35,Loyal Frequent,At Risk (180+)
TXN001816,C00358,2023-02-09,Sports,Running Shoes,3,79.64,0.1,215.03,Potential / Occasional,At Risk (180+)
TXN002191,C00440,2023-02-10,Clothing,Dress,2,113.76,0.05,216.14,Loyal Frequent,Active (0-30)
TXN000065,C00011,2023-02-10,Beauty,Makeup,3,248.41,0.0,745.24,High-Value Champions,Warm (31-90)
TXN002844,C00585,2023-02-10,Clothing,Jeans,3,95.64,0.0,286.92,High-Value Champions,Cool (91-180)
TXN000176,C00035,2023-02-11,Sports,Bicycle,2,276.68,0.15,470.36,High-Value Champions,Active (0-30)
TXN001678,C00328,2023-02-11,Electronics,Headphones,3,333.04,0.15,849.25,High-Value Champions,Cool (91-180)
TXN000859,C00155,2023-02-11,Beauty,Perfume,3,68.31,0.0,204.94,Low-Value / At-Risk,At Risk (180+)
TXN001554,C00299,2023-02-11,Sports,Running Shoes,1,202.96,0.05,192.81,Loyal Frequent,Warm (31-90)
TXN003041,C00638,2023-02-12,Home,Cookware,2,402.33,0.1,724.2,High-Value Champions,Warm (31-90)
TXN002709,C00554,2023-02-12,Beauty,Skincare,1,326.78,0.15,277.77,High-Value Champions,Cool (91-180)
TXN000536,C00100,2023-02-14,Beauty,Makeup,2,194.8,0.15,331.16,Potential / Occasional,At Risk (180+)
TXN001682,C00328,2023-02-14,Sports,Yoga Mat,1,214.64,0.0,214.64,High-Value Champions,Cool (91-180)
TXN000354,C00062,2023-02-14,Clothing,Dress,3,108.46,0.0,325.39,Potential / Occasional,At Risk (180+)
TXN001562,C00300,2023-02-14,Home,Cookware,3,116.15,0.05,331.03,High-Value Champions,Active (0-30)
TXN003683,C00791,2023-02-14,Sports,Running Shoes,2,199.57,0.0,399.15,Loyal Frequent,At Risk (180+)
TXN001176,C00223,2023-02-14,Home,Decor,1,61.96,0.05,58.86,Loyal Frequent,Cool (91-180)
TXN003649,C00784,2023-02-15,Clothing,Dress,2,54.18,0.15,92.1,Potential / Occasional,Active (0-30)
TXN000705,C00128,2023-02-16,Clothing,Jacket,3,120.51,0.1,325.38,Loyal Frequent,Active (0-30)
TXN003058,C00640,2023-02-16,Clothing,Sneakers,2,81.89,0.15,139.21,Potential / Occasional,At Risk (180+)
TXN002312,C00472,2023-02-16,Sports,Bicycle,1,222.0,0.0,222.0,Loyal Frequent,At Risk (180+)
TXN003089,C00650,2023-02-17,Clothing,Dress,2,88.7,0.0,177.4,Low-Value / At-Risk,At Risk (180+)
TXN000991,C00188,2023-02-19,Electronics,Laptop,3,338.06,0.0,1014.17,Loyal Frequent,Cool (91-180)
TXN003699,C00795,2023-02-19,Home,Decor,2,52.84,0.0,105.68,Potential / Occasional,Cool (91-180)
TXN003415,C00727,2023-02-19,Electronics,Headphones,2,110.98,0.0,221.96,Loyal Frequent,Cool (91-180)
TXN003151,C00665,2023-02-19,Electronics,Laptop,1,117.96,0.05,112.06,Potential / Occasional,Warm (31-90)
TXN000235,C00043,2023-02-19,Sports,Dumbbells,1,187.09,0.1,168.38,High-Value Champions,Warm (31-90)
TXN002469,C00512,2023-02-20,Electronics,Headphones,1,190.2,0.0,190.2,Potential / Occasional,At Risk (180+)
TXN000665,C00122,2023-02-20,Clothing,Sneakers,2,177.02,0.0,354.04,Potential / Occasional,At Risk (180+)
TXN000009,C00003,2023-02-20,Home,Sofa,1,90.04,0.1,81.03,Potential / Occasional,At Risk (180+)
TXN003692,C00793,2023-02-20,Electronics,Laptop,3,109.59,0.0,328.78,Low-Value / At-Risk,At Risk (180+)
TXN001389,C00266,2023-02-20,Electronics,Smartwatch,1,99.14,0.0,99.14,Potential / Occasional,Warm (31-90)
TXN001566,C00300,2023-02-21,Sports,Dumbbells,1,280.74,0.0,280.74,High-Value Champions,Active (0-30)
TXN001185,C00225,2023-02-21,Electronics,Tablet,3,192.21,0.0,576.64,Loyal Frequent,At Risk (180+)
TXN001515,C00293,2023-02-23,Beauty,Skincare,1,392.05,0.2,313.64,High-Value Champions,Warm (31-90)
TXN003587,C00767,2023-02-23,Electronics,Tablet,3,62.79,0.2,150.71,Low-Value / At-Risk,At Risk (180+)
TXN002235,C00454,2023-02-23,Sports,Bicycle,3,415.17,0.2,996.42,High-Value Champions,At Risk (180+)
TXN001182,C00225,2023-02-24,Sports,Bicycle,1,218.21,0.0,218.21,Loyal Frequent,At Risk (180+)
TXN002115,C00424,2023-02-25,Home,Sofa,3,101.05,0.0,303.15,Potential / Occasional,Cool (91-180)
TXN000248,C00044,2023-02-25,Beauty,Haircare,1,320.66,0.05,304.62,High-Value Champions,Cool (91-180)
TXN003042,C00638,2023-02-25,Sports,Dumbbells,3,331.62,0.0,994.86,High-Value Champions,Warm (31-90)
TXN003257,C00685,2023-02-25,Electronics,Smartphone,1,42.53,0.0,42.53,Potential / Occasional,At Risk (180+)
TXN003431,C00729,2023-02-25,Electronics,Smartwatch,1,107.71,0.0,107.71,Potential / Occasional,At Risk (180+)
TXN001850,C00365,2023-02-26,Electronics,Smartwatch,3,32.34,0.0,97.03,Low-Value / At-Risk,At Risk (180+)
TXN000321,C00054,2023-02-26,Home,Sofa,1,85.43,0.1,76.89,Potential / Occasional,At Risk (180+)
TXN002087,C00417,2023-02-27,Home,Decor,3,130.92,0.1,353.49,Loyal Frequent,Cool (91-180)
TXN000191,C00038,2023-02-27,Electronics,Tablet,3,350.65,0.15,894.17,High-Value Champions,Active (0-30)
TXN000620,C00115,2023-02-27,Home,Cookware,2,106.05,0.05,201.5,Potential / Occasional,Cool (91-180)
TXN002489,C00517,2023-02-28,Electronics,Smartwatch,3,206.86,0.1,558.53,Loyal Frequent,Warm (31-90)
TXN003695,C00794,2023-03-02,Clothing,Jeans,3,62.4,0.05,177.85,Potential / Occasional,Active (0-30)
TXN001787,C00351,2023-03-02,Electronics,Headphones,3,146.73,0.05,418.19,High-Value Champions,Cool (91-180)
TXN002526,C00524,2023-03-03,Sports,Running Shoes,3,98.24,0.1,265.24,Loyal Frequent,Cool (91-180)
TXN000287,C00049,2023-03-03,Sports,Dumbbells,2,180.56,0.0,361.12,Loyal Frequent,Warm (31-90)
TXN001261,C00244,2023-03-03,Beauty,Makeup,1,419.16,0.05,398.2,High-Value Champions,Cool (91-180)
TXN003533,C00755,2023-03-04,Clothing,Dress,2,105.51,0.0,211.01,High-Value Champions,Active (0-30)
TXN003088,C00649,2023-03-04,Sports,Yoga Mat,2,60.52,0.05,114.98,Loyal Frequent,Warm (31-90)
TXN002029,C00400,2023-03-04,Home,Lamp,3,97.48,0.0,292.44,Loyal Frequent,Cool (91-180)
TXN002028,C00400,2023-03-04,Clothing,Sneakers,2,202.35,0.0,404.7,Loyal Frequent,Cool (91-180)
TXN000581,C00107,2023-03-05,Sports,Bicycle,2,40.47,0.15,68.79,Potential / Occasional,At Risk (180+)
TXN001358,C00258,2023-03-05,Home,Bedding,2,122.09,0.05,231.97,High-Value Champions,Warm (31-90)
TXN000013,C00004,2023-03-05,Electronics,Tablet,3,141.71,0.0,425.14,Potential / Occasional,Warm (31-90)
TXN002211,C00448,2023-03-05,Sports,Yoga Mat,2,82.8,0.0,165.61,Potential / Occasional,Warm (31-90)
TXN002090,C00417,2023-03-06,Electronics,Headphones,1,139.96,0.0,139.96,Loyal Frequent,Cool (91-180)
TXN000066,C00011,2023-03-06,Sports,Yoga Mat,2,142.8,0.1,257.04,High-Value Champions,Warm (31-90)
TXN001745,C00339,2023-03-07,Home,Cookware,2,99.76,0.0,199.51,Potential / Occasional,At Risk (180+)
TXN002165,C00435,2023-03-07,Clothing,Jeans,1,197.2,0.15,167.62,High-Value Champions,Cool (91-180)
TXN001724,C00335,2023-03-08,Clothing,Dress,3,288.36,0.0,865.07,High-Value Champions,Cool (91-180)
TXN001046,C00195,2023-03-08,Sports,Bicycle,3,395.59,0.05,1127.43,High-Value Champions,Warm (31-90)
TXN000843,C00153,2023-03-09,Clothing,Jacket,2,371.09,0.0,742.18,Loyal Frequent,At Risk (180+)
TXN003584,C00766,2023-03-10,Clothing,Jeans,1,184.03,0.0,184.03,Loyal Frequent,At Risk (180+)
TXN002409,C00497,2023-03-10,Clothing,Dress,1,306.74,0.15,260.73,High-Value Champions,At Risk (180+)
TXN000363,C00066,2023-03-11,Electronics,Headphones,2,114.51,0.0,229.03,Low-Value / At-Risk,At Risk (180+)
TXN000547,C00102,2023-03-11,Electronics,Headphones,2,293.72,0.05,558.06,High-Value Champions,Warm (31-90)
TXN000285,C00049,2023-03-11,Electronics,Headphones,3,296.67,0.0,890.0,Loyal Frequent,Warm (31-90)
TXN002203,C00444,2023-03-12,Sports,Dumbbells,1,48.07,0.1,43.26,Potential / Occasional,Active (0-30)
TXN003416,C00727,2023-03-12,Home,Lamp,3,406.04,0.0,1218.12,Loyal Frequent,Cool (91-180)
TXN000891,C00163,2023-03-13,Clothing,Dress,2,447.27,0.15,760.36,Loyal Frequent,At Risk (180+)
TXN002397,C00496,2023-03-14,Electronics,Tablet,2,114.61,0.15,194.83,Loyal Frequent,At Risk (180+)
TXN001499,C00290,2023-03-14,Clothing,Jacket,1,424.67,0.1,382.2,High-Value Champions,Warm (31-90)
TXN003493,C00752,2023-03-14,Beauty,Skincare,3,338.12,0.1,912.94,High-Value Champions,Warm (31-90)
TXN000910,C00166,2023-03-15,Clothing,Jeans,1,157.35,0.0,157.35,High-Value Champions,Active (0-30)
TXN000849,C00154,2023-03-15,Clothing,T-Shirt,2,115.24,0.0,230.48,High-Value Champions,Cool (91-180)
TXN002616,C00542,2023-03-15,Beauty,Haircare,1,384.68,0.0,384.68,High-Value Champions,Warm (31-90)
TXN002224,C00452,2023-03-15,Electronics,Smartwatch,2,41.2,0.1,74.16,Potential / Occasional,Cool (91-180)
TXN000657,C00121,2023-03-15,Electronics,Tablet,2,221.06,0.2,353.7,Low-Value / At-Risk,At Risk (180+)
TXN001647,C00319,2023-03-16,Sports,Bicycle,2,223.22,0.0,446.43,Low-Value / At-Risk,At Risk (180+)
TXN003168,C00666,2023-03-16,Sports,Running Shoes,3,94.74,0.0,284.22,High-Value Champions,Warm (31-90)
TXN001022,C00193,2023-03-17,Clothing,Dress,2,348.22,0.05,661.63,High-Value Champions,Warm (31-90)
TXN002067,C00409,2023-03-17,Clothing,Sneakers,2,208.08,0.1,374.55,Loyal Frequent,Cool (91-180)
TXN002605,C00542,2023-03-17,Clothing,Jacket,3,202.46,0.0,607.37,High-Value Champions,Warm (31-90)
TXN002038,C00401,2023-03-18,Sports,Bicycle,3,112.79,0.0,338.38,Loyal Frequent,Warm (31-90)
TXN001130,C00213,2023-03-18,Home,Decor,1,110.5,0.0,110.5,High-Value Champions,Active (0-30)
TXN001163,C00217,2023-03-18,Home,Sofa,2,198.27,0.1,356.89,Low-Value / At-Risk,At Risk (180+)
TXN000518,C00097,2023-03-19,Electronics,Laptop,3,331.74,0.0,995.23,High-Value Champions,Cool (91-180)
TXN000941,C00175,2023-03-19,Sports,Bicycle,1,94.89,0.1,85.4,Potential / Occasional,Warm (31-90)
TXN002506,C00518,2023-03-19,Clothing,Sneakers,3,377.16,0.0,1131.47,High-Value Champions,Cool (91-180)
TXN002571,C00536,2023-03-20,Home,Cookware,2,100.75,0.0,201.5,Low-Value / At-Risk,At Risk (180+)
TXN000897,C00164,2023-03-20,Clothing,Sneakers,1,80.84,0.05,76.8,Potential / Occasional,Cool (91-180)
TXN002940,C00614,2023-03-20,Home,Decor,3,78.88,0.05,224.82,Potential / Occasional,Cool (91-180)
TXN001330,C00252,2023-03-21,Beauty,Makeup,3,54.78,0.0,164.33,Low-Value / At-Risk,At Risk (180+)
TXN001947,C00387,2023-03-21,Clothing,T-Shirt,1,376.59,0.0,376.59,High-Value Champions,Warm (31-90)
TXN002404,C00497,2023-03-22,Electronics,Laptop,3,120.91,0.2,290.19,High-Value Champions,At Risk (180+)
TXN000777,C00138,2023-03-22,Sports,Yoga Mat,2,170.95,0.1,307.72,High-Value Champions,Active (0-30)
TXN003491,C00751,2023-03-22,Beauty,Perfume,2,88.1,0.0,176.19,Potential / Occasional,Active (0-30)
TXN002830,C00583,2023-03-22,Beauty,Haircare,3,184.72,0.2,443.34,Low-Value / At-Risk,At Risk (180+)
TXN000152,C00027,2023-03-22,Beauty,Skincare,2,142.02,0.05,269.84,Potential / Occasional,At Risk (180+)
TXN000685,C00125,2023-03-23,Sports,Running Shoes,3,127.49,0.0,382.47,High-Value Champions,Warm (31-90)
TXN003650,C00785,2023-03-23,Sports,Running Shoes,1,166.89,0.0,166.89,Loyal Frequent,Cool (91-180)
TXN000432,C00082,2023-03-24,Home,Decor,1,112.45,0.05,106.83,Loyal Frequent,Cool (91-180)
TXN000980,C00185,2023-03-24,Home,Decor,1,378.63,0.0,378.63,Loyal Frequent,Cool (91-180)
TXN003596,C00772,2023-03-25,Sports,Running Shoes,3,96.29,0.0,288.87,Potential / Occasional,Active (0-30)
TXN003274,C00688,2023-03-25,Electronics,Laptop,1,168.42,0.05,160.0,Loyal Frequent,At Risk (180+)
TXN003137,C00661,2023-03-25,Sports,Yoga Mat,1,37.12,0.0,37.12,Potential / Occasional,At Risk (180+)
TXN003411,C00726,2023-03-25,Home,Lamp,1,155.17,0.05,147.41,Loyal Frequent,Active (0-30)
TXN001304,C00249,2023-03-26,Home,Lamp,3,131.7,0.0,395.09,High-Value Champions,Warm (31-90)
TXN002941,C00614,2023-03-26,Electronics,Smartphone,3,53.4,0.0,160.21,Potential / Occasional,Cool (91-180)
TXN002045,C00405,2023-03-26,Clothing,Jeans,3,212.39,0.15,541.6,Potential / Occasional,At Risk (180+)
TXN003059,C00640,2023-03-26,Sports,Bicycle,1,164.92,0.0,164.92,Potential / Occasional,At Risk (180+)
TXN003438,C00731,2023-03-26,Beauty,Skincare,3,66.88,0.05,190.62,Potential / Occasional,Active (0-30)
TXN002986,C00628,2023-03-27,Clothing,Sneakers,1,208.79,0.05,198.35,High-Value Champions,Cool (91-180)
TXN003709,C00797,2023-03-28,Beauty,Perfume,1,221.27,0.0,221.27,Loyal Frequent,Active (0-30)
TXN001224,C00234,2023-03-28,Clothing,T-Shirt,3,83.34,0.0,250.01,Low-Value / At-Risk,At Risk (180+)
TXN002647,C00548,2023-03-28,Clothing,T-Shirt,1,185.38,0.1,166.84,High-Value Champions,Warm (31-90)
TXN002019,C00399,2023-03-29,Beauty,Makeup,3,435.93,0.05,1242.41,Loyal Frequent,Active (0-30)
TXN002558,C00533,2023-03-29,Clothing,Jeans,3,83.75,0.05,238.68,Loyal Frequent,At Risk (180+)
TXN002627,C00544,2023-03-29,Clothing,Sneakers,2,238.29,0.0,476.57,Potential / Occasional,Warm (31-90)
TXN000820,C00147,2023-03-29,Sports,Bicycle,3,66.69,0.0,200.08,Loyal Frequent,At Risk (180+)
TXN001993,C00392,2023-03-30,Clothing,T-Shirt,1,111.17,0.1,100.06,Low-Value / At-Risk,At Risk (180+)
TXN000726,C00130,2023-03-31,Electronics,Headphones,2,162.54,0.05,308.83,High-Value Champions,Warm (31-90)
TXN000545,C00102,2023-03-31,Clothing,T-Shirt,1,242.02,0.0,242.02,High-Value Champions,Warm (31-90)
TXN000044,C00007,2023-03-31,Clothing,Dress,2,448.58,0.0,897.16,High-Value Champions,Active (0-30)
TXN002330,C00476,2023-03-31,Sports,Bicycle,3,63.89,0.15,162.92,Loyal Frequent,At Risk (180+)
TXN002673,C00551,2023-03-31,Clothing,Jacket,2,170.58,0.0,341.16,High-Value Champions,Warm (31-90)
TXN001413,C00272,2023-03-31,Beauty,Makeup,1,116.04,0.0,116.04,Potential / Occasional,At Risk (180+)
TXN002366,C00486,2023-04-01,Clothing,Sneakers,2,225.05,0.0,450.1,Potential / Occasional,Cool (91-180)
TXN003062,C00641,2023-04-01,Electronics,Smartphone,2,110.39,0.0,220.78,Potential / Occasional,At Risk (180+)
TXN001239,C00239,2023-04-01,Electronics,Smartwatch,2,229.8,0.2,367.68,Loyal Frequent,Active (0-30)
TXN002898,C00599,2023-04-02,Beauty,Haircare,2,70.57,0.0,141.14,Potential / Occasional,Cool (91-180)
TXN002718,C00557,2023-04-02,Clothing,Jacket,2,191.41,0.15,325.4,Loyal Frequent,Active (0-30)
TXN001039,C00195,2023-04-02,Home,Cookware,1,237.74,0.05,225.85,High-Value Champions,Warm (31-90)
TXN003019,C00634,2023-04-03,Sports,Bicycle,2,224.03,0.0,448.07,Potential / Occasional,At Risk (180+)
TXN003290,C00693,2023-04-03,Home,Cookware,3,106.98,0.0,320.95,Potential / Occasional,Cool (91-180)
TXN001855,C00368,2023-04-03,Clothing,Jeans,3,81.77,0.15,208.52,Loyal Frequent,Warm (31-90)
TXN002186,C00439,2023-04-04,Electronics,Headphones,2,115.76,0.0,231.51,Potential / Occasional,Cool (91-180)
TXN001200,C00228,2023-04-04,Beauty,Makeup,3,149.96,0.05,427.38,Loyal Frequent,At Risk (180+)
TXN002927,C00608,2023-04-04,Electronics,Smartwatch,1,55.35,0.1,49.82,Potential / Occasional,At Risk (180+)
TXN003279,C00689,2023-04-05,Sports,Yoga Mat,2,93.97,0.0,187.94,Potential / Occasional,At Risk (180+)
TXN003071,C00644,2023-04-05,Sports,Running Shoes,1,147.54,0.0,147.54,Potential / Occasional,At Risk (180+)
TXN001673,C00327,2023-04-05,Beauty,Makeup,1,348.22,0.15,295.98,Loyal Frequent,Warm (31-90)
TXN000566,C00104,2023-04-06,Clothing,Dress,2,67.37,0.1,121.27,Potential / Occasional,Active (0-30)
TXN003390,C00721,2023-04-06,Clothing,Dress,2,176.91,0.1,318.44,Loyal Frequent,Warm (31-90)
TXN002500,C00518,2023-04-08,Beauty,Makeup,2,372.39,0.0,744.78,High-Value Champions,Cool (91-180)
TXN000835,C00151,2023-04-08,Clothing,Jacket,1,137.15,0.0,137.15,Potential / Occasional,At Risk (180+)
TXN000184,C00038,2023-04-08,Clothing,T-Shirt,3,226.25,0.0,678.74,High-Value Champions,Active (0-30)
TXN002795,C00574,2023-04-08,Clothing,T-Shirt,2,66.3,0.0,132.6,Potential / Occasional,Cool (91-180)
TXN000845,C00153,2023-04-08,Home,Sofa,3,405.66,0.0,1216.97,Loyal Frequent,At Risk (180+)
TXN000641,C00118,2023-04-08,Electronics,Smartwatch,2,161.07,0.1,289.93,Low-Value / At-Risk,At Risk (180+)
TXN000913,C00166,2023-04-08,Home,Cookware,2,102.24,0.05,194.26,High-Value Champions,Active (0-30)
TXN003370,C00715,2023-04-09,Beauty,Skincare,3,85.96,0.0,257.87,Low-Value / At-Risk,At Risk (180+)
TXN002178,C00436,2023-04-09,Electronics,Tablet,2,72.36,0.0,144.71,Potential / Occasional,At Risk (180+)
TXN001984,C00391,2023-04-10,Sports,Dumbbells,3,320.59,0.0,961.78,High-Value Champions,Active (0-30)
TXN003234,C00680,2023-04-10,Clothing,T-Shirt,2,164.64,0.0,329.28,Loyal Frequent,At Risk (180+)
TXN003201,C00675,2023-04-10,Beauty,Skincare,1,441.85,0.0,441.85,High-Value Champions,Cool (91-180)
TXN002991,C00628,2023-04-11,Clothing,Dress,2,165.22,0.15,280.87,High-Value Champions,Cool (91-180)
TXN002111,C00422,2023-04-11,Home,Bedding,2,221.6,0.0,443.2,Loyal Frequent,Active (0-30)
TXN001491,C00288,2023-04-11,Electronics,Laptop,2,161.95,0.0,323.91,Loyal Frequent,Warm (31-90)
TXN001318,C00251,2023-04-12,Sports,Yoga Mat,2,313.31,0.15,532.62,High-Value Champions,Warm (31-90)
TXN002243,C00454,2023-04-12,Clothing,Jeans,2,138.74,0.0,277.48,High-Value Champions,At Risk (180+)
TXN002116,C00424,2023-04-13,Clothing,Dress,2,47.67,0.0,95.34,Potential / Occasional,Cool (91-180)
TXN000249,C00044,2023-04-13,Electronics,Laptop,3,339.51,0.1,916.68,High-Value Champions,Cool (91-180)
TXN003057,C00639,2023-04-13,Clothing,T-Shirt,3,119.34,0.15,304.31,Potential / Occasional,At Risk (180+)
TXN001237,C00239,2023-04-15,Electronics,Laptop,3,336.55,0.05,959.17,Loyal Frequent,Active (0-30)
TXN001312,C00251,2023-04-15,Sports,Yoga Mat,2,435.71,0.15,740.71,High-Value Champions,Warm (31-90)
TXN002485,C00517,2023-04-16,Clothing,Sneakers,1,326.87,0.2,261.5,Loyal Frequent,Warm (31-90)
TXN003529,C00755,2023-04-17,Electronics,Headphones,3,358.59,0.0,1075.77,High-Value Champions,Active (0-30)
TXN003255,C00684,2023-04-17,Beauty,Perfume,2,58.2,0.05,110.58,Potential / Occasional,Cool (91-180)
TXN001233,C00237,2023-04-17,Beauty,Skincare,3,16.34,0.0,49.02,Low-Value / At-Risk,At Risk (180+)
TXN000522,C00097,2023-04-17,Clothing,Sneakers,3,353.34,0.2,848.0,High-Value Champions,Cool (91-180)
TXN001279,C00245,2023-04-18,Sports,Running Shoes,1,440.51,0.0,440.51,Loyal Frequent,Active (0-30)
TXN001251,C00240,2023-04-18,Clothing,Sneakers,3,403.71,0.05,1150.58,Loyal Frequent,At Risk (180+)
TXN002608,C00542,2023-04-18,Electronics,Smartphone,1,145.05,0.0,145.05,High-Value Champions,Warm (31-90)
TXN003070,C00644,2023-04-18,Clothing,Jacket,1,198.42,0.0,198.42,Potential / Occasional,At Risk (180+)
TXN000653,C00120,2023-04-18,Home,Sofa,2,367.76,0.1,661.97,Loyal Frequent,At Risk (180+)
TXN002124,C00427,2023-04-19,Sports,Running Shoes,2,392.81,0.0,785.61,High-Value Champions,Warm (31-90)
TXN001830,C00361,2023-04-19,Sports,Bicycle,3,253.99,0.0,761.98,High-Value Champions,Warm (31-90)
TXN002039,C00402,2023-04-20,Sports,Yoga Mat,2,80.49,0.05,152.94,Low-Value / At-Risk,At Risk (180+)
TXN002463,C00510,2023-04-20,Beauty,Haircare,2,28.34,0.0,56.68,Low-Value / At-Risk,At Risk (180+)
TXN000268,C00046,2023-04-21,Beauty,Haircare,2,93.44,0.0,186.88,Potential / Occasional,At Risk (180+)
TXN003285,C00691,2023-04-21,Home,Sofa,3,60.48,0.2,145.16,Potential / Occasional,At Risk (180+)
TXN003004,C00629,2023-04-21,Sports,Yoga Mat,1,152.03,0.0,152.03,Loyal Frequent,At Risk (180+)
TXN001687,C00328,2023-04-21,Clothing,Dress,2,432.66,0.15,735.52,High-Value Champions,Cool (91-180)
TXN000872,C00159,2023-04-21,Beauty,Skincare,1,19.96,0.0,19.96,Potential / Occasional,Cool (91-180)
TXN001311,C00250,2023-04-21,Home,Bedding,2,69.54,0.1,125.17,Potential / Occasional,At Risk (180+)
TXN002210,C00448,2023-04-21,Home,Bedding,2,100.76,0.0,201.52,Potential / Occasional,Warm (31-90)
TXN001627,C00316,2023-04-23,Home,Sofa,2,83.1,0.0,166.19,Loyal Frequent,Warm (31-90)
TXN003388,C00721,2023-04-23,Clothing,Jacket,3,92.47,0.0,277.41,Loyal Frequent,Warm (31-90)
TXN003368,C00713,2023-04-24,Clothing,Jeans,2,84.72,0.0,169.43,Low-Value / At-Risk,At Risk (180+)
TXN003519,C00754,2023-04-25,Beauty,Skincare,1,84.96,0.15,72.22,High-Value Champions,Active (0-30)
TXN003286,C00691,2023-04-25,Beauty,Skincare,3,32.25,0.0,96.75,Potential / Occasional,At Risk (180+)
TXN000114,C00019,2023-04-26,Clothing,Sneakers,1,285.1,0.0,285.1,High-Value Champions,Cool (91-180)
TXN003352,C00708,2023-04-26,Electronics,Tablet,1,100.96,0.0,100.96,Potential / Occasional,At Risk (180+)
TXN003111,C00656,2023-04-26,Home,Lamp,2,48.44,0.0,96.88,Loyal Frequent,Cool (91-180)
TXN000376,C00067,2023-04-26,Electronics,Smartwatch,3,179.46,0.0,538.37,High-Value Champions,Warm (31-90)
TXN003200,C00675,2023-04-27,Electronics,Headphones,3,353.0,0.0,1059.0,High-Value Champions,Cool (91-180)
TXN002507,C00518,2023-04-27,Electronics,Tablet,2,396.83,0.05,753.98,High-Value Champions,Cool (91-180)
TXN003571,C00762,2023-04-27,Beauty,Skincare,2,207.59,0.15,352.9,Potential / Occasional,Warm (31-90)
TXN002804,C00577,2023-04-28,Beauty,Skincare,3,390.37,0.05,1112.56,Loyal Frequent,At Risk (180+)
TXN001901,C00377,2023-04-28,Electronics,Smartphone,2,235.37,0.1,423.67,Loyal Frequent,Cool (91-180)
TXN000211,C00040,2023-04-28,Home,Lamp,2,90.6,0.15,154.02,High-Value Champions,Warm (31-90)
TXN001752,C00342,2023-04-29,Clothing,Jacket,2,238.01,0.0,476.02,Potential / Occasional,At Risk (180+)
TXN002125,C00427,2023-04-29,Electronics,Laptop,2,415.2,0.0,830.4,High-Value Champions,Warm (31-90)
TXN001506,C00290,2023-04-29,Home,Decor,3,179.29,0.2,430.29,High-Value Champions,Warm (31-90)
TXN002487,C00517,2023-04-29,Electronics,Headphones,2,339.85,0.2,543.76,Loyal Frequent,Warm (31-90)
TXN003246,C00682,2023-04-29,Beauty,Skincare,2,70.57,0.0,141.14,Potential / Occasional,At Risk (180+)
TXN000387,C00069,2023-04-30,Clothing,Jacket,1,131.11,0.0,131.11,High-Value Champions,Warm (31-90)
TXN002811,C00578,2023-05-01,Home,Bedding,3,99.35,0.1,268.25,Loyal Frequent,Cool (91-180)
TXN001253,C00241,2023-05-01,Clothing,Jeans,3,113.89,0.0,341.67,Low-Value / At-Risk,At Risk (180+)
TXN001293,C00249,2023-05-01,Electronics,Smartphone,1,346.03,0.0,346.03,High-Value Champions,Warm (31-90)
TXN002824,C00581,2023-05-03,Clothing,Dress,3,218.63,0.15,557.51,Loyal Frequent,Warm (31-90)
TXN003209,C00677,2023-05-03,Home,Bedding,2,87.29,0.0,174.57,High-Value Champions,Active (0-30)
TXN002066,C00409,2023-05-03,Electronics,Laptop,2,221.74,0.0,443.48,Loyal Frequent,Cool (91-180)
TXN001921,C00382,2023-05-04,Sports,Dumbbells,1,318.19,0.0,318.19,Loyal Frequent,Cool (91-180)
TXN001524,C00293,2023-05-04,Clothing,Sneakers,1,165.69,0.0,165.69,High-Value Champions,Warm (31-90)
TXN001733,C00335,2023-05-04,Home,Bedding,3,374.59,0.05,1067.58,High-Value Champions,Cool (91-180)
TXN001252,C00241,2023-05-05,Electronics,Smartphone,1,115.94,0.1,104.35,Low-Value / At-Risk,At Risk (180+)
TXN003313,C00697,2023-05-05,Sports,Running Shoes,1,405.74,0.0,405.74,High-Value Champions,Active (0-30)
TXN002625,C00544,2023-05-05,Clothing,Jacket,2,93.85,0.1,168.93,Potential / Occasional,Warm (31-90)
TXN000244,C00043,2023-05-05,Home,Decor,2,409.14,0.05,777.37,High-Value Champions,Warm (31-90)
TXN000763,C00137,2023-05-06,Electronics,Smartwatch,2,352.33,0.05,669.43,High-Value Champions,Warm (31-90)
TXN001345,C00256,2023-05-06,Electronics,Smartwatch,3,93.66,0.05,266.94,Potential / Occasional,At Risk (180+)
TXN001341,C00255,2023-05-06,Sports,Running Shoes,2,81.3,0.0,162.61,Loyal Frequent,At Risk (180+)
TXN002455,C00506,2023-05-06,Electronics,Laptop,1,438.97,0.0,438.97,Loyal Frequent,At Risk (180+)
TXN003420,C00727,2023-05-06,Home,Cookware,3,440.12,0.0,1320.35,Loyal Frequent,Cool (91-180)
TXN001220,C00232,2023-05-07,Clothing,Jeans,3,103.51,0.0,310.53,Low-Value / At-Risk,At Risk (180+)
TXN001388,C00266,2023-05-07,Beauty,Perfume,2,108.88,0.0,217.76,Potential / Occasional,Warm (31-90)
TXN000459,C00086,2023-05-07,Beauty,Skincare,2,132.41,0.0,264.83,Loyal Frequent,Warm (31-90)
TXN003686,C00791,2023-05-07,Clothing,Sneakers,3,115.91,0.0,347.74,Loyal Frequent,At Risk (180+)
TXN001948,C00387,2023-05-08,Home,Lamp,3,371.07,0.0,1113.2,High-Value Champions,Warm (31-90)
TXN001255,C00242,2023-05-08,Electronics,Headphones,3,85.94,0.05,244.94,Potential / Occasional,Cool (91-180)
TXN002646,C00548,2023-05-08,Clothing,T-Shirt,3,363.05,0.0,1089.15,High-Value Champions,Warm (31-90)
TXN000193,C00038,2023-05-09,Home,Bedding,1,119.82,0.15,101.84,High-Value Champions,Active (0-30)
TXN000080,C00013,2023-05-09,Clothing,Dress,2,222.67,0.0,445.34,High-Value Champions,Active (0-30)
TXN001367,C00261,2023-05-09,Home,Sofa,3,97.92,0.0,293.77,Low-Value / At-Risk,At Risk (180+)
TXN002649,C00548,2023-05-10,Beauty,Haircare,2,195.79,0.0,391.58,High-Value Champions,Warm (31-90)
TXN001094,C00205,2023-05-10,Electronics,Laptop,3,85.04,0.1,229.6,Low-Value / At-Risk,At Risk (180+)
TXN003580,C00766,2023-05-10,Electronics,Tablet,2,178.68,0.0,357.36,Loyal Frequent,At Risk (180+)
TXN000790,C00140,2023-05-11,Beauty,Haircare,3,99.07,0.0,297.21,Loyal Frequent,Active (0-30)
TXN002403,C00497,2023-05-11,Beauty,Perfume,2,377.49,0.05,717.23,High-Value Champions,At Risk (180+)
TXN003362,C00712,2023-05-11,Home,Bedding,3,226.2,0.0,678.6,Low-Value / At-Risk,At Risk (180+)
TXN001864,C00370,2023-05-12,Home,Sofa,1,196.37,0.0,196.37,Potential / Occasional,Cool (91-180)
TXN001804,C00354,2023-05-13,Electronics,Headphones,1,183.58,0.0,183.58,Loyal Frequent,At Risk (180+)
TXN002763,C00565,2023-05-13,Home,Lamp,2,81.67,0.15,138.83,Potential / Occasional,Cool (91-180)
TXN002270,C00460,2023-05-13,Electronics,Headphones,1,20.16,0.0,20.16,Low-Value / At-Risk,At Risk (180+)
TXN002215,C00449,2023-05-14,Electronics,Headphones,3,131.53,0.0,394.58,Loyal Frequent,Cool (91-180)
TXN000050,C00009,2023-05-14,Beauty,Perfume,2,125.26,0.0,250.52,Loyal Frequent,Active (0-30)
TXN001069,C00200,2023-05-14,Clothing,Jacket,2,54.6,0.0,109.21,Potential / Occasional,Active (0-30)
TXN003412,C00726,2023-05-14,Home,Decor,3,178.17,0.15,454.34,Loyal Frequent,Active (0-30)
TXN003452,C00736,2023-05-14,Electronics,Tablet,3,145.83,0.0,437.48,Loyal Frequent,Warm (31-90)
TXN003237,C00681,2023-05-15,Beauty,Skincare,1,305.65,0.05,290.37,Loyal Frequent,At Risk (180+)
TXN002255,C00458,2023-05-15,Sports,Yoga Mat,2,80.63,0.0,161.26,Potential / Occasional,Cool (91-180)
TXN000051,C00009,2023-05-16,Clothing,Jeans,2,88.72,0.0,177.45,Loyal Frequent,Active (0-30)
TXN003589,C00768,2023-05-16,Electronics,Laptop,1,103.41,0.05,98.24,Potential / Occasional,At Risk (180+)
TXN002524,C00524,2023-05-16,Beauty,Perfume,3,358.01,0.0,1074.02,Loyal Frequent,Cool (91-180)
TXN002040,C00402,2023-05-17,Sports,Dumbbells,2,60.19,0.2,96.31,Low-Value / At-Risk,At Risk (180+)
TXN001334,C00254,2023-05-17,Beauty,Perfume,3,107.04,0.05,305.06,Potential / Occasional,Active (0-30)
TXN000703,C00128,2023-05-17,Clothing,Jeans,1,149.04,0.0,149.04,Loyal Frequent,Active (0-30)
TXN002806,C00577,2023-05-17,Electronics,Smartphone,1,343.29,0.15,291.8,Loyal Frequent,At Risk (180+)
TXN000925,C00167,2023-05-18,Sports,Yoga Mat,1,226.54,0.0,226.54,High-Value Champions,Cool (91-180)
TXN000643,C00118,2023-05-18,Home,Decor,2,144.17,0.0,288.34,Low-Value / At-Risk,At Risk (180+)
TXN000617,C00114,2023-05-19,Electronics,Headphones,3,59.18,0.05,168.66,Loyal Frequent,Warm (31-90)
TXN001770,C00347,2023-05-19,Home,Decor,3,120.41,0.05,343.17,Potential / Occasional,At Risk (180+)
TXN003223,C00677,2023-05-20,Beauty,Skincare,3,175.45,0.1,473.71,High-Value Champions,Active (0-30)
TXN000036,C00007,2023-05-20,Home,Sofa,2,177.7,0.1,319.87,High-Value Champions,Active (0-30)
TXN003607,C00775,2023-05-20,Beauty,Skincare,2,204.72,0.05,388.96,Potential / Occasional,At Risk (180+)
TXN000252,C00044,2023-05-20,Electronics,Headphones,3,175.68,0.05,500.68,High-Value Champions,Cool (91-180)
TXN000130,C00022,2023-05-21,Sports,Running Shoes,1,86.13,0.1,77.51,Low-Value / At-Risk,At Risk (180+)
TXN002983,C00627,2023-05-21,Clothing,Jacket,2,138.49,0.0,276.99,Loyal Frequent,Cool (91-180)
TXN000739,C00133,2023-05-21,Beauty,Haircare,2,113.3,0.15,192.61,Potential / Occasional,At Risk (180+)
TXN002508,C00518,2023-05-22,Electronics,Headphones,1,394.38,0.0,394.38,High-Value Champions,Cool (91-180)
TXN003075,C00646,2023-05-22,Home,Bedding,1,31.83,0.0,31.83,Potential / Occasional,At Risk (180+)
TXN001866,C00371,2023-05-22,Clothing,Dress,1,139.17,0.0,139.17,High-Value Champions,Active (0-30)
TXN000817,C00147,2023-05-22,Sports,Yoga Mat,3,229.6,0.0,688.81,Loyal Frequent,At Risk (180+)
TXN000373,C00067,2023-05-23,Electronics,Smartwatch,2,125.03,0.15,212.55,High-Value Champions,Warm (31-90)
TXN003095,C00652,2023-05-24,Home,Cookware,1,157.17,0.0,157.17,Low-Value / At-Risk,At Risk (180+)
TXN002437,C00503,2023-05-24,Sports,Bicycle,2,168.88,0.1,303.98,Potential / Occasional,Active (0-30)
TXN001053,C00198,2023-05-24,Clothing,Jeans,2,78.26,0.0,156.51,Low-Value / At-Risk,At Risk (180+)
TXN001447,C00280,2023-05-24,Home,Sofa,3,80.44,0.0,241.33,Loyal Frequent,At Risk (180+)
TXN000647,C00119,2023-05-24,Electronics,Headphones,1,81.81,0.05,77.72,Potential / Occasional,Cool (91-180)
TXN001592,C00308,2023-05-24,Electronics,Laptop,1,175.65,0.1,158.08,Loyal Frequent,At Risk (180+)
TXN001373,C00263,2023-05-25,Home,Cookware,2,92.14,0.15,156.63,Loyal Frequent,Cool (91-180)
TXN002870,C00591,2023-05-25,Electronics,Laptop,2,337.77,0.05,641.77,Loyal Frequent,Cool (91-180)
TXN001966,C00388,2023-05-26,Beauty,Makeup,1,187.49,0.15,159.37,Potential / Occasional,At Risk (180+)
TXN001813,C00357,2023-05-26,Electronics,Laptop,3,46.09,0.0,138.26,Low-Value / At-Risk,At Risk (180+)
TXN000633,C00116,2023-05-26,Clothing,Jacket,1,295.05,0.0,295.05,High-Value Champions,Warm (31-90)
TXN002261,C00459,2023-05-27,Electronics,Smartwatch,3,276.07,0.2,662.56,Loyal Frequent,Warm (31-90)
TXN002141,C00428,2023-05-27,Clothing,Dress,2,190.01,0.0,380.03,Loyal Frequent,Warm (31-90)
TXN002220,C00450,2023-05-27,Home,Cookware,3,28.86,0.0,86.57,Low-Value / At-Risk,At Risk (180+)
TXN000305,C00052,2023-05-28,Sports,Yoga Mat,2,140.14,0.0,280.28,High-Value Champions,At Risk (180+)
TXN003581,C00766,2023-05-28,Home,Cookware,3,159.63,0.0,478.89,Loyal Frequent,At Risk (180+)
TXN000034,C00007,2023-05-29,Beauty,Makeup,3,129.45,0.1,349.52,High-Value Champions,Active (0-30)
TXN001703,C00332,2023-05-29,Beauty,Skincare,1,235.41,0.1,211.87,Loyal Frequent,Warm (31-90)
TXN001550,C00298,2023-05-29,Clothing,Jacket,2,98.95,0.0,197.9,Potential / Occasional,At Risk (180+)
TXN000674,C00123,2023-05-29,Clothing,Jeans,1,275.43,0.0,275.43,High-Value Champions,Active (0-30)
TXN002935,C00612,2023-05-29,Home,Cookware,2,43.69,0.15,74.27,Potential / Occasional,Warm (31-90)
TXN003087,C00649,2023-05-30,Clothing,Sneakers,2,165.32,0.2,264.5,Loyal Frequent,Warm (31-90)
TXN000646,C00119,2023-05-30,Home,Decor,2,68.09,0.0,136.19,Potential / Occasional,Cool (91-180)
TXN002527,C00524,2023-05-30,Clothing,Dress,1,393.15,0.0,393.15,Loyal Frequent,Cool (91-180)
TXN002085,C00416,2023-06-01,Home,Bedding,3,46.15,0.0,138.44,Low-Value / At-Risk,At Risk (180+)
TXN001265,C00244,2023-06-01,Electronics,Laptop,2,348.22,0.2,557.15,High-Value Champions,Cool (91-180)
TXN002882,C00596,2023-06-01,Electronics,Tablet,2,394.18,0.0,788.36,Loyal Frequent,Warm (31-90)
TXN003367,C00713,2023-06-01,Beauty,Skincare,2,145.85,0.0,291.7,Low-Value / At-Risk,At Risk (180+)
TXN002612,C00542,2023-06-02,Beauty,Skincare,3,110.45,0.0,331.35,High-Value Champions,Warm (31-90)
TXN000403,C00073,2023-06-02,Clothing,Dress,3,184.97,0.15,471.67,Potential / Occasional,Cool (91-180)
TXN000074,C00013,2023-06-03,Sports,Bicycle,3,265.58,0.15,677.24,High-Value Champions,Active (0-30)
TXN002332,C00476,2023-06-03,Sports,Bicycle,2,199.88,0.0,399.77,Loyal Frequent,At Risk (180+)
TXN001047,C00195,2023-06-04,Electronics,Headphones,1,426.01,0.0,426.01,High-Value Champions,Warm (31-90)
TXN003020,C00634,2023-06-04,Beauty,Perfume,3,199.17,0.0,597.52,Potential / Occasional,At Risk (180+)
TXN002341,C00479,2023-06-04,Home,Lamp,2,146.86,0.0,293.73,Potential / Occasional,Active (0-30)
TXN000447,C00084,2023-06-05,Electronics,Tablet,2,82.58,0.0,165.17,Loyal Frequent,At Risk (180+)
TXN002579,C00539,2023-06-06,Clothing,Jeans,1,165.91,0.0,165.91,Loyal Frequent,At Risk (180+)
TXN001576,C00301,2023-06-06,Electronics,Tablet,1,84.84,0.0,84.84,Loyal Frequent,Cool (91-180)
TXN001728,C00335,2023-06-06,Sports,Yoga Mat,2,379.62,0.0,759.24,High-Value Champions,Cool (91-180)
TXN003489,C00750,2023-06-06,Sports,Dumbbells,2,45.99,0.1,82.78,Potential / Occasional,Cool (91-180)
TXN002587,C00539,2023-06-06,Sports,Yoga Mat,1,219.42,0.15,186.51,Loyal Frequent,At Risk (180+)
TXN001821,C00360,2023-06-06,Electronics,Tablet,2,82.44,0.05,156.64,Low-Value / At-Risk,At Risk (180+)
TXN002213,C00449,2023-06-06,Home,Decor,3,195.31,0.0,585.94,Loyal Frequent,Cool (91-180)
TXN002701,C00554,2023-06-07,Electronics,Tablet,3,188.72,0.1,509.54,High-Value Champions,Cool (91-180)
TXN003608,C00775,2023-06-07,Beauty,Perfume,2,163.22,0.1,293.79,Potential / Occasional,At Risk (180+)
TXN003710,C00797,2023-06-07,Sports,Bicycle,2,159.06,0.1,286.31,Loyal Frequent,Active (0-30)
TXN000830,C00151,2023-06-08,Clothing,Jacket,1,102.68,0.2,82.15,Potential / Occasional,At Risk (180+)
TXN003242,C00681,2023-06-08,Sports,Dumbbells,2,148.24,0.15,252.01,Loyal Frequent,At Risk (180+)
TXN003548,C00756,2023-06-08,Sports,Yoga Mat,1,304.23,0.0,304.23,High-Value Champions,Active (0-30)
TXN000770,C00137,2023-06-08,Sports,Dumbbells,2,210.14,0.05,399.26,High-Value Champions,Warm (31-90)
TXN001608,C00313,2023-06-08,Sports,Running Shoes,2,152.4,0.0,304.81,Loyal Frequent,At Risk (180+)
TXN000384,C00069,2023-06-09,Home,Bedding,1,87.01,0.1,78.31,High-Value Champions,Warm (31-90)
TXN003478,C00744,2023-06-11,Beauty,Skincare,3,31.37,0.0,94.1,Low-Value / At-Risk,At Risk (180+)
TXN003240,C00681,2023-06-11,Sports,Yoga Mat,2,328.62,0.05,624.39,Loyal Frequent,At Risk (180+)
TXN003308,C00697,2023-06-11,Beauty,Makeup,2,444.17,0.0,888.34,High-Value Champions,Active (0-30)
TXN000955,C00178,2023-06-11,Electronics,Smartphone,2,278.72,0.0,557.44,Loyal Frequent,Cool (91-180)
TXN000594,C00109,2023-06-12,Home,Sofa,3,147.65,0.05,420.8,Loyal Frequent,Active (0-30)
TXN001415,C00273,2023-06-12,Beauty,Skincare,2,371.0,0.05,704.9,Loyal Frequent,At Risk (180+)
TXN002350,C00482,2023-06-12,Electronics,Headphones,3,223.04,0.2,535.29,Loyal Frequent,Warm (31-90)
TXN000274,C00047,2023-06-12,Clothing,Jeans,2,249.07,0.0,498.14,Loyal Frequent,Warm (31-90)
TXN002202,C00444,2023-06-12,Sports,Yoga Mat,3,242.95,0.05,692.4,Potential / Occasional,Active (0-30)
TXN002742,C00562,2023-06-12,Beauty,Skincare,1,175.79,0.1,158.21,High-Value Champions,Cool (91-180)
TXN001406,C00270,2023-06-13,Sports,Yoga Mat,2,367.74,0.0,735.48,High-Value Champions,Warm (31-90)
TXN001760,C00343,2023-06-13,Clothing,Jeans,1,123.42,0.0,123.42,Loyal Frequent,Cool (91-180)
TXN000964,C00182,2023-06-14,Beauty,Haircare,3,93.08,0.0,279.23,Low-Value / At-Risk,At Risk (180+)
TXN002239,C00454,2023-06-14,Clothing,Jeans,1,226.07,0.0,226.07,High-Value Champions,At Risk (180+)
TXN001628,C00316,2023-06-15,Electronics,Smartphone,2,269.45,0.0,538.89,Loyal Frequent,Warm (31-90)
TXN002179,C00436,2023-06-15,Home,Bedding,1,111.21,0.0,111.21,Potential / Occasional,At Risk (180+)
TXN002980,C00627,2023-06-15,Home,Cookware,1,57.48,0.0,57.48,Loyal Frequent,Cool (91-180)
TXN001055,C00199,2023-06-15,Beauty,Makeup,2,381.39,0.05,724.64,High-Value Champions,Warm (31-90)
TXN003266,C00687,2023-06-15,Electronics,Smartwatch,3,247.92,0.15,632.19,Loyal Frequent,At Risk (180+)
TXN003614,C00776,2023-06-16,Electronics,Tablet,2,213.83,0.05,406.27,Loyal Frequent,Cool (91-180)
TXN002815,C00579,2023-06-17,Home,Sofa,1,47.75,0.0,47.75,Potential / Occasional,Cool (91-180)
TXN001214,C00230,2023-06-17,Electronics,Headphones,2,192.79,0.15,327.74,Loyal Frequent,Cool (91-180)
TXN000365,C00066,2023-06-17,Electronics,Tablet,1,194.36,0.0,194.36,Low-Value / At-Risk,At Risk (180+)
TXN002468,C00512,2023-06-17,Home,Cookware,2,41.17,0.0,82.35,Potential / Occasional,At Risk (180+)
TXN001169,C00220,2023-06-17,Sports,Dumbbells,3,61.67,0.0,185.01,Low-Value / At-Risk,At Risk (180+)
TXN002597,C00541,2023-06-18,Electronics,Headphones,2,163.65,0.15,278.2,Loyal Frequent,At Risk (180+)
TXN002881,C00596,2023-06-18,Sports,Running Shoes,2,291.92,0.15,496.26,Loyal Frequent,Warm (31-90)
TXN000041,C00007,2023-06-18,Sports,Running Shoes,1,92.46,0.15,78.59,High-Value Champions,Active (0-30)
TXN002493,C00518,2023-06-18,Electronics,Tablet,2,95.6,0.1,172.07,High-Value Champions,Cool (91-180)
TXN003671,C00787,2023-06-19,Home,Bedding,1,293.03,0.05,278.38,Loyal Frequent,Active (0-30)
TXN003132,C00659,2023-06-19,Clothing,Jeans,3,181.21,0.05,516.44,Loyal Frequent,Cool (91-180)
TXN000461,C00086,2023-06-19,Sports,Yoga Mat,1,245.97,0.0,245.97,Loyal Frequent,Warm (31-90)
TXN001577,C00301,2023-06-19,Beauty,Perfume,3,89.42,0.15,228.03,Loyal Frequent,Cool (91-180)
TXN001621,C00315,2023-06-20,Electronics,Headphones,3,248.49,0.15,633.65,Loyal Frequent,At Risk (180+)
TXN002512,C00520,2023-06-20,Sports,Bicycle,1,179.24,0.05,170.28,Loyal Frequent,Warm (31-90)
TXN001107,C00210,2023-06-21,Clothing,T-Shirt,1,204.63,0.05,194.4,Low-Value / At-Risk,At Risk (180+)
TXN001611,C00313,2023-06-22,Home,Cookware,1,74.35,0.05,70.63,Loyal Frequent,At Risk (180+)
TXN002977,C00626,2023-06-22,Sports,Bicycle,3,117.25,0.15,298.99,Low-Value / At-Risk,At Risk (180+)
TXN000505,C00094,2023-06-22,Sports,Running Shoes,3,89.94,0.0,269.82,Loyal Frequent,Cool (91-180)
TXN003123,C00658,2023-06-22,Clothing,Sneakers,2,71.34,0.05,135.56,Loyal Frequent,Cool (91-180)
TXN001149,C00215,2023-06-23,Home,Cookware,2,259.97,0.1,467.95,High-Value Champions,Active (0-30)
TXN001189,C00225,2023-06-23,Sports,Yoga Mat,1,354.85,0.1,319.36,Loyal Frequent,At Risk (180+)
TXN001763,C00345,2023-06-23,Clothing,T-Shirt,3,92.47,0.15,235.81,Potential / Occasional,At Risk (180+)
TXN000719,C00130,2023-06-24,Home,Cookware,3,162.24,0.05,462.4,High-Value Champions,Warm (31-90)
TXN003406,C00726,2023-06-24,Electronics,Smartwatch,2,167.86,0.05,318.94,Loyal Frequent,Active (0-30)
TXN002933,C00611,2023-06-24,Home,Cookware,1,106.68,0.05,101.35,Low-Value / At-Risk,At Risk (180+)
TXN001509,C00290,2023-06-24,Sports,Yoga Mat,3,171.3,0.0,513.89,High-Value Champions,Warm (31-90)
TXN002651,C00548,2023-06-24,Sports,Bicycle,1,405.16,0.05,384.9,High-Value Champions,Warm (31-90)
TXN001226,C00236,2023-06-25,Beauty,Perfume,3,249.77,0.0,749.31,Loyal Frequent,At Risk (180+)
TXN003474,C00743,2023-06-25,Electronics,Tablet,3,154.51,0.0,463.54,Potential / Occasional,At Risk (180+)
TXN000014,C00005,2023-06-26,Home,Sofa,2,176.03,0.15,299.26,Loyal Frequent,At Risk (180+)
TXN000312,C00052,2023-06-26,Electronics,Tablet,3,109.67,0.1,296.11,High-Value Champions,At Risk (180+)
TXN002602,C00542,2023-06-27,Clothing,Jeans,2,177.96,0.2,284.74,High-Value Champions,Warm (31-90)
TXN000166,C00034,2023-06-27,Electronics,Laptop,1,20.54,0.0,20.54,Low-Value / At-Risk,At Risk (180+)
TXN002642,C00546,2023-06-27,Clothing,Jacket,3,158.28,0.0,474.85,Loyal Frequent,Cool (91-180)
TXN001378,C00263,2023-06-28,Clothing,Jacket,2,242.31,0.0,484.62,Loyal Frequent,Cool (91-180)
TXN000598,C00110,2023-06-30,Sports,Running Shoes,3,212.31,0.2,509.55,Potential / Occasional,At Risk (180+)
TXN001034,C00195,2023-06-30,Clothing,Dress,1,377.88,0.05,358.99,High-Value Champions,Warm (31-90)
TXN001655,C00320,2023-06-30,Electronics,Smartwatch,1,359.64,0.15,305.7,Loyal Frequent,Warm (31-90)
TXN003183,C00673,2023-06-30,Home,Lamp,1,41.84,0.1,37.66,Potential / Occasional,At Risk (180+)
TXN002658,C00548,2023-07-02,Beauty,Haircare,2,225.19,0.0,450.38,High-Value Champions,Warm (31-90)
TXN000160,C00031,2023-07-03,Beauty,Perfume,1,27.46,0.05,26.09,Low-Value / At-Risk,At Risk (180+)
TXN003574,C00764,2023-07-03,Home,Bedding,1,133.18,0.0,133.18,Potential / Occasional,Warm (31-90)
TXN002453,C00506,2023-07-03,Clothing,Sneakers,2,291.18,0.15,495.0,Loyal Frequent,At Risk (180+)
TXN002805,C00577,2023-07-04,Sports,Bicycle,1,428.53,0.15,364.25,Loyal Frequent,At Risk (180+)
TXN002110,C00422,2023-07-04,Clothing,Jeans,1,58.82,0.0,58.82,Loyal Frequent,Active (0-30)
TXN000678,C00124,2023-07-04,Home,Decor,2,55.6,0.2,88.97,Low-Value / At-Risk,At Risk (180+)
TXN002083,C00414,2023-07-04,Clothing,Sneakers,2,140.75,0.0,281.5,Loyal Frequent,Cool (91-180)
TXN001369,C00262,2023-07-04,Home,Bedding,3,108.85,0.15,277.56,Low-Value / At-Risk,At Risk (180+)
TXN000774,C00138,2023-07-05,Electronics,Smartwatch,1,267.73,0.0,267.73,High-Value Champions,Active (0-30)
TXN003457,C00737,2023-07-05,Clothing,Sneakers,3,104.08,0.15,265.41,Potential / Occasional,At Risk (180+)
TXN001516,C00293,2023-07-06,Electronics,Smartphone,3,180.04,0.05,513.12,High-Value Champions,Warm (31-90)
TXN002545,C00529,2023-07-06,Clothing,Jeans,3,89.07,0.1,240.49,Potential / Occasional,Cool (91-180)
TXN000167,C00035,2023-07-06,Home,Bedding,1,446.09,0.0,446.09,High-Value Champions,Active (0-30)
TXN002790,C00572,2023-07-06,Home,Sofa,1,219.15,0.1,197.24,Potential / Occasional,Cool (91-180)
TXN003715,C00798,2023-07-07,Home,Cookware,3,184.59,0.15,470.7,Loyal Frequent,At Risk (180+)
TXN002200,C00443,2023-07-07,Beauty,Haircare,3,26.18,0.0,78.53,Potential / Occasional,Cool (91-180)
TXN002778,C00570,2023-07-07,Electronics,Tablet,2,249.79,0.1,449.63,Low-Value / At-Risk,At Risk (180+)
TXN002833,C00584,2023-07-07,Electronics,Smartwatch,3,82.07,0.2,196.96,Low-Value / At-Risk,At Risk (180+)
TXN001023,C00193,2023-07-07,Clothing,Dress,3,297.32,0.2,713.56,High-Value Champions,Warm (31-90)
TXN002147,C00430,2023-07-07,Clothing,Sneakers,1,138.76,0.2,111.01,Loyal Frequent,Active (0-30)
TXN001486,C00287,2023-07-07,Clothing,T-Shirt,2,151.48,0.05,287.81,Loyal Frequent,At Risk (180+)
TXN001717,C00333,2023-07-08,Beauty,Skincare,1,382.78,0.0,382.78,High-Value Champions,Active (0-30)
TXN000709,C00129,2023-07-08,Beauty,Makeup,1,83.24,0.0,83.24,Potential / Occasional,At Risk (180+)
TXN003689,C00793,2023-07-08,Sports,Running Shoes,2,219.68,0.0,439.36,Low-Value / At-Risk,At Risk (180+)
TXN001537,C00296,2023-07-09,Clothing,Jacket,1,205.34,0.0,205.34,Loyal Frequent,Cool (91-180)
TXN002836,C00585,2023-07-10,Electronics,Smartphone,2,174.49,0.0,348.97,High-Value Champions,Cool (91-180)
TXN002781,C00571,2023-07-10,Sports,Dumbbells,3,156.89,0.05,447.14,Loyal Frequent,Cool (91-180)
TXN000018,C00005,2023-07-11,Clothing,Sneakers,1,247.74,0.05,235.35,Loyal Frequent,At Risk (180+)
TXN003022,C00634,2023-07-12,Electronics,Smartwatch,1,66.99,0.0,66.99,Potential / Occasional,At Risk (180+)
TXN001192,C00226,2023-07-12,Electronics,Smartwatch,3,119.24,0.15,304.06,Potential / Occasional,Warm (31-90)
TXN003701,C00796,2023-07-12,Sports,Yoga Mat,1,126.59,0.2,101.27,Loyal Frequent,Cool (91-180)
TXN001604,C00312,2023-07-13,Beauty,Haircare,2,26.92,0.05,51.16,Potential / Occasional,At Risk (180+)
TXN000310,C00052,2023-07-13,Electronics,Headphones,3,401.88,0.05,1145.35,High-Value Champions,At Risk (180+)
TXN001483,C00286,2023-07-13,Electronics,Smartwatch,3,350.55,0.0,1051.66,High-Value Champions,Warm (31-90)
TXN001718,C00333,2023-07-13,Sports,Yoga Mat,1,303.83,0.0,303.83,High-Value Champions,Active (0-30)
TXN002864,C00591,2023-07-13,Clothing,T-Shirt,3,118.83,0.0,356.48,Loyal Frequent,Cool (91-180)
TXN003015,C00631,2023-07-14,Beauty,Perfume,2,169.42,0.0,338.84,Loyal Frequent,Warm (31-90)
TXN000015,C00005,2023-07-14,Home,Bedding,2,83.67,0.0,167.34,Loyal Frequent,At Risk (180+)
TXN003231,C00680,2023-07-14,Home,Decor,3,58.36,0.1,157.57,Loyal Frequent,At Risk (180+)
TXN002007,C00397,2023-07-14,Beauty,Skincare,3,148.95,0.05,424.51,Potential / Occasional,Cool (91-180)
TXN001987,C00391,2023-07-15,Sports,Running Shoes,2,179.45,0.2,287.12,High-Value Champions,Active (0-30)
TXN002021,C00399,2023-07-15,Home,Bedding,3,202.55,0.05,577.26,Loyal Frequent,Active (0-30)
TXN001281,C00245,2023-07-15,Beauty,Makeup,2,198.25,0.1,356.85,Loyal Frequent,Active (0-30)
TXN002531,C00524,2023-07-15,Home,Cookware,2,115.15,0.15,195.75,Loyal Frequent,Cool (91-180)
TXN000735,C00131,2023-07-15,Home,Lamp,2,74.36,0.0,148.72,Loyal Frequent,Warm (31-90)
TXN003366,C00713,2023-07-16,Beauty,Makeup,2,114.54,0.05,217.63,Low-Value / At-Risk,At Risk (180+)
TXN003619,C00777,2023-07-16,Home,Sofa,2,197.64,0.0,395.29,Loyal Frequent,Active (0-30)
TXN002604,C00542,2023-07-16,Beauty,Perfume,2,81.84,0.0,163.68,High-Value Champions,Warm (31-90)
TXN001564,C00300,2023-07-18,Beauty,Skincare,1,388.62,0.0,388.62,High-Value Champions,Active (0-30)
TXN002173,C00435,2023-07-18,Home,Decor,1,163.16,0.0,163.16,High-Value Champions,Cool (91-180)
TXN001234,C00237,2023-07-18,Electronics,Headphones,3,29.52,0.0,88.55,Low-Value / At-Risk,At Risk (180+)
TXN001847,C00364,2023-07-18,Home,Bedding,2,83.13,0.15,141.32,Potential / Occasional,Warm (31-90)
TXN002336,C00477,2023-07-19,Home,Lamp,1,48.38,0.1,43.55,Potential / Occasional,Cool (91-180)
TXN002361,C00485,2023-07-19,Beauty,Skincare,1,113.45,0.0,113.45,Loyal Frequent,At Risk (180+)
TXN000123,C00019,2023-07-19,Clothing,Jeans,2,98.59,0.05,187.32,High-Value Champions,Cool (91-180)
TXN002566,C00535,2023-07-19,Home,Decor,1,72.67,0.05,69.04,Low-Value / At-Risk,At Risk (180+)
TXN001501,C00290,2023-07-19,Sports,Bicycle,2,104.6,0.05,198.73,High-Value Champions,Warm (31-90)
TXN003595,C00771,2023-07-19,Home,Decor,3,30.05,0.0,90.14,Low-Value / At-Risk,At Risk (180+)
TXN001204,C00228,2023-07-20,Clothing,Jeans,2,144.67,0.1,260.41,Loyal Frequent,At Risk (180+)
TXN000273,C00047,2023-07-20,Sports,Dumbbells,1,133.26,0.0,133.26,Loyal Frequent,Warm (31-90)
TXN002837,C00585,2023-07-21,Home,Bedding,1,192.83,0.0,192.83,High-Value Champions,Cool (91-180)
TXN000908,C00166,2023-07-21,Home,Lamp,2,367.07,0.2,587.32,High-Value Champions,Active (0-30)
TXN002889,C00597,2023-07-21,Clothing,Jacket,2,229.91,0.0,459.83,Loyal Frequent,At Risk (180+)
TXN001751,C00342,2023-07-22,Beauty,Haircare,1,110.59,0.0,110.59,Potential / Occasional,At Risk (180+)
TXN001152,C00215,2023-07-22,Clothing,T-Shirt,3,315.3,0.05,898.6,High-Value Champions,Active (0-30)
TXN002289,C00465,2023-07-22,Electronics,Headphones,2,92.95,0.05,176.61,Low-Value / At-Risk,At Risk (180+)
TXN001933,C00384,2023-07-23,Clothing,T-Shirt,2,80.09,0.0,160.18,High-Value Champions,Warm (31-90)
TXN000254,C00044,2023-07-23,Home,Decor,1,437.16,0.1,393.45,High-Value Champions,Cool (91-180)
TXN003623,C00778,2023-07-23,Sports,Yoga Mat,3,58.76,0.0,176.27,Low-Value / At-Risk,At Risk (180+)
TXN003549,C00756,2023-07-23,Beauty,Skincare,2,150.58,0.0,301.16,High-Value Champions,Active (0-30)
TXN000456,C00085,2023-07-23,Sports,Bicycle,3,106.1,0.1,286.47,Loyal Frequent,Warm (31-90)
TXN000081,C00013,2023-07-24,Home,Sofa,2,164.87,0.0,329.73,High-Value Champions,Active (0-30)
TXN000572,C00105,2023-07-24,Electronics,Tablet,2,116.31,0.0,232.63,Potential / Occasional,Active (0-30)
TXN002505,C00518,2023-07-24,Home,Decor,1,311.04,0.0,311.04,High-Value Champions,Cool (91-180)
TXN001637,C00317,2023-07-25,Home,Bedding,3,72.3,0.0,216.91,Loyal Frequent,Cool (91-180)
TXN002182,C00438,2023-07-25,Beauty,Skincare,2,119.96,0.1,215.93,Potential / Occasional,At Risk (180+)
TXN000390,C00069,2023-07-26,Clothing,Dress,3,157.59,0.0,472.76,High-Value Champions,Warm (31-90)
TXN002535,C00525,2023-07-27,Clothing,Jacket,2,163.75,0.1,294.74,Potential / Occasional,Cool (91-180)
TXN003125,C00658,2023-07-27,Home,Sofa,2,147.82,0.0,295.64,Loyal Frequent,Cool (91-180)
TXN001478,C00286,2023-07-28,Beauty,Skincare,1,145.53,0.1,130.98,High-Value Champions,Warm (31-90)
TXN000216,C00040,2023-07-29,Electronics,Tablet,1,98.71,0.1,88.84,High-Value Champions,Warm (31-90)
TXN002486,C00517,2023-07-29,Clothing,Jacket,3,275.14,0.0,825.42,Loyal Frequent,Warm (31-90)
TXN000180,C00035,2023-07-29,Electronics,Tablet,3,427.24,0.0,1281.72,High-Value Champions,Active (0-30)
TXN000301,C00051,2023-07-30,Home,Cookware,2,136.06,0.0,272.13,Potential / Occasional,Cool (91-180)
TXN003392,C00722,2023-07-30,Home,Decor,3,66.13,0.1,178.55,Potential / Occasional,At Risk (180+)
TXN001178,C00223,2023-07-31,Clothing,T-Shirt,2,111.61,0.0,223.23,Loyal Frequent,Cool (91-180)
TXN003624,C00779,2023-08-02,Sports,Bicycle,1,436.21,0.1,392.59,Loyal Frequent,At Risk (180+)
TXN001828,C00361,2023-08-02,Beauty,Makeup,3,105.62,0.0,316.85,High-Value Champions,Warm (31-90)
TXN000750,C00136,2023-08-02,Clothing,T-Shirt,1,117.06,0.1,105.35,Loyal Frequent,At Risk (180+)
TXN001116,C00213,2023-08-03,Clothing,Dress,1,440.0,0.05,418.0,High-Value Champions,Active (0-30)
TXN002857,C00589,2023-08-03,Beauty,Skincare,2,238.6,0.1,429.48,Loyal Frequent,At Risk (180+)
TXN002130,C00427,2023-08-03,Electronics,Smartphone,3,311.56,0.05,887.96,High-Value Champions,Warm (31-90)
TXN001704,C00332,2023-08-04,Electronics,Smartwatch,3,143.55,0.1,387.57,Loyal Frequent,Warm (31-90)
TXN002867,C00591,2023-08-04,Home,Lamp,2,321.91,0.05,611.62,Loyal Frequent,Cool (91-180)
TXN003359,C00710,2023-08-04,Clothing,Jeans,2,112.81,0.05,214.33,Low-Value / At-Risk,At Risk (180+)
TXN000445,C00084,2023-08-05,Electronics,Smartphone,1,171.98,0.15,146.19,Loyal Frequent,At Risk (180+)
TXN000229,C00043,2023-08-05,Beauty,Haircare,3,403.79,0.1,1090.24,High-Value Champions,Warm (31-90)
TXN002584,C00539,2023-08-05,Electronics,Smartwatch,1,238.93,0.15,203.09,Loyal Frequent,At Risk (180+)
TXN000476,C00088,2023-08-06,Electronics,Tablet,2,385.18,0.1,693.32,High-Value Champions,Warm (31-90)
TXN002171,C00435,2023-08-06,Beauty,Perfume,1,214.74,0.05,204.0,High-Value Champions,Cool (91-180)
TXN001257,C00243,2023-08-06,Home,Bedding,3,90.66,0.0,271.99,Potential / Occasional,At Risk (180+)
TXN001619,C00315,2023-08-06,Home,Bedding,2,217.61,0.05,413.45,Loyal Frequent,At Risk (180+)
TXN002741,C00562,2023-08-07,Electronics,Tablet,3,426.29,0.1,1150.97,High-Value Champions,Cool (91-180)
TXN000083,C00014,2023-08-07,Electronics,Smartphone,3,242.7,0.1,655.3,High-Value Champions,Active (0-30)
TXN003428,C00728,2023-08-08,Sports,Dumbbells,1,132.06,0.0,132.06,Loyal Frequent,Warm (31-90)
TXN002908,C00601,2023-08-09,Beauty,Perfume,1,166.26,0.15,141.32,Low-Value / At-Risk,At Risk (180+)
TXN001596,C00308,2023-08-09,Clothing,Jeans,1,173.27,0.2,138.61,Loyal Frequent,At Risk (180+)
TXN002617,C00542,2023-08-09,Beauty,Perfume,1,241.61,0.0,241.61,High-Value Champions,Warm (31-90)
TXN001730,C00335,2023-08-09,Home,Sofa,3,429.88,0.0,1289.65,High-Value Champions,Cool (91-180)
TXN001218,C00230,2023-08-09,Beauty,Makeup,3,325.58,0.0,976.75,Loyal Frequent,Cool (91-180)
TXN003158,C00666,2023-08-10,Clothing,Jacket,3,272.71,0.0,818.12,High-Value Champions,Warm (31-90)
TXN003361,C00712,2023-08-10,Sports,Bicycle,3,235.45,0.0,706.35,Low-Value / At-Risk,At Risk (180+)
TXN002011,C00397,2023-08-10,Beauty,Haircare,2,171.6,0.05,326.03,Potential / Occasional,Cool (91-180)
TXN002993,C00628,2023-08-10,Beauty,Skincare,3,321.82,0.05,917.18,High-Value Champions,Cool (91-180)
TXN002513,C00520,2023-08-11,Sports,Bicycle,3,193.4,0.0,580.21,Loyal Frequent,Warm (31-90)
TXN002058,C00406,2023-08-11,Clothing,Dress,2,209.67,0.0,419.35,Loyal Frequent,At Risk (180+)
TXN003481,C00746,2023-08-12,Sports,Running Shoes,1,94.57,0.2,75.66,Low-Value / At-Risk,At Risk (180+)
TXN000976,C00185,2023-08-12,Sports,Bicycle,2,372.49,0.0,744.98,Loyal Frequent,Cool (91-180)
TXN000824,C00148,2023-08-12,Electronics,Smartwatch,2,99.57,0.1,179.23,Potential / Occasional,Cool (91-180)
TXN002828,C00583,2023-08-12,Electronics,Laptop,1,141.27,0.2,113.02,Low-Value / At-Risk,At Risk (180+)
TXN002968,C00623,2023-08-13,Beauty,Skincare,1,161.72,0.2,129.38,Loyal Frequent,Active (0-30)
TXN001139,C00215,2023-08-13,Sports,Running Shoes,2,268.16,0.0,536.31,High-Value Champions,Active (0-30)
TXN000172,C00035,2023-08-13,Beauty,Haircare,3,417.77,0.0,1253.31,High-Value Champions,Active (0-30)
TXN002053,C00406,2023-08-13,Beauty,Makeup,2,236.32,0.0,472.63,Loyal Frequent,At Risk (180+)
TXN001942,C00385,2023-08-13,Home,Sofa,1,113.55,0.0,113.55,Potential / Occasional,Cool (91-180)
TXN001834,C00361,2023-08-14,Home,Lamp,1,390.32,0.05,370.8,High-Value Champions,Warm (31-90)
TXN002353,C00483,2023-08-14,Beauty,Haircare,3,165.5,0.0,496.51,Loyal Frequent,Cool (91-180)
TXN000829,C00150,2023-08-15,Home,Sofa,3,87.41,0.05,249.11,Low-Value / At-Risk,At Risk (180+)
TXN003305,C00697,2023-08-15,Home,Cookware,1,233.18,0.0,233.18,High-Value Champions,Active (0-30)
TXN002205,C00444,2023-08-15,Home,Decor,2,163.36,0.05,310.38,Potential / Occasional,Active (0-30)
TXN000355,C00063,2023-08-15,Clothing,T-Shirt,2,181.91,0.05,345.63,Potential / Occasional,At Risk (180+)
TXN003156,C00666,2023-08-15,Home,Sofa,3,175.45,0.0,526.35,High-Value Champions,Warm (31-90)
TXN000431,C00082,2023-08-16,Clothing,Jacket,1,249.1,0.0,249.1,Loyal Frequent,Cool (91-180)
TXN002443,C00505,2023-08-16,Clothing,Dress,1,119.87,0.1,107.88,Potential / Occasional,At Risk (180+)
TXN000395,C00069,2023-08-17,Clothing,Dress,1,156.43,0.0,156.43,High-Value Champions,Warm (31-90)
TXN000401,C00072,2023-08-18,Home,Decor,3,106.93,0.15,272.66,Potential / Occasional,Cool (91-180)
TXN002767,C00566,2023-08-18,Electronics,Laptop,2,87.56,0.0,175.13,Low-Value / At-Risk,At Risk (180+)
TXN003396,C00724,2023-08-18,Electronics,Laptop,2,100.21,0.0,200.43,Low-Value / At-Risk,At Risk (180+)
TXN000953,C00178,2023-08-18,Sports,Bicycle,3,332.77,0.0,998.32,Loyal Frequent,Cool (91-180)
TXN000729,C00130,2023-08-18,Sports,Dumbbells,3,374.36,0.0,1123.09,High-Value Champions,Warm (31-90)
TXN001083,C00202,2023-08-19,Clothing,T-Shirt,3,213.14,0.05,607.44,Loyal Frequent,Cool (91-180)
TXN003484,C00747,2023-08-19,Electronics,Smartwatch,3,103.02,0.0,309.05,Low-Value / At-Risk,At Risk (180+)
TXN003395,C00723,2023-08-20,Clothing,T-Shirt,3,106.6,0.15,271.84,Low-Value / At-Risk,At Risk (180+)
TXN001418,C00273,2023-08-20,Clothing,Dress,1,123.64,0.0,123.64,Loyal Frequent,At Risk (180+)
TXN001634,C00317,2023-08-20,Home,Lamp,3,127.78,0.0,383.34,Loyal Frequent,Cool (91-180)
TXN000333,C00058,2023-08-20,Sports,Yoga Mat,3,89.55,0.05,255.22,High-Value Champions,Active (0-30)
TXN000974,C00185,2023-08-21,Electronics,Laptop,2,112.05,0.0,224.1,Loyal Frequent,Cool (91-180)
TXN002716,C00556,2023-08-21,Sports,Yoga Mat,2,44.26,0.2,70.82,Potential / Occasional,At Risk (180+)
TXN000316,C00053,2023-08-21,Clothing,Dress,2,138.6,0.05,263.34,Loyal Frequent,At Risk (180+)
TXN000968,C00183,2023-08-21,Sports,Dumbbells,2,167.65,0.05,318.54,Loyal Frequent,At Risk (180+)
TXN000919,C00167,2023-08-21,Sports,Bicycle,1,112.61,0.1,101.35,High-Value Champions,Cool (91-180)
TXN000201,C00039,2023-08-22,Clothing,Jacket,2,136.53,0.0,273.05,Loyal Frequent,Active (0-30)
TXN003644,C00783,2023-08-22,Clothing,Jeans,3,23.78,0.1,64.22,Low-Value / At-Risk,At Risk (180+)
TXN000315,C00053,2023-08-22,Home,Cookware,2,108.39,0.1,195.11,Loyal Frequent,At Risk (180+)
TXN002432,C00502,2023-08-22,Electronics,Smartphone,3,155.87,0.0,467.62,Loyal Frequent,Warm (31-90)
TXN001355,C00258,2023-08-23,Clothing,T-Shirt,3,188.15,0.0,564.46,High-Value Champions,Warm (31-90)
TXN000994,C00188,2023-08-23,Beauty,Perfume,2,238.7,0.05,453.53,Loyal Frequent,Cool (91-180)
TXN000292,C00050,2023-08-23,Home,Decor,1,421.92,0.1,379.73,High-Value Champions,Warm (31-90)
TXN002872,C00592,2023-08-23,Home,Decor,1,42.6,0.0,42.6,Low-Value / At-Risk,At Risk (180+)
TXN000970,C00183,2023-08-24,Home,Cookware,3,196.98,0.0,590.93,Loyal Frequent,At Risk (180+)
TXN001188,C00225,2023-08-24,Home,Lamp,3,228.99,0.0,686.97,Loyal Frequent,At Risk (180+)
TXN003500,C00752,2023-08-24,Clothing,Sneakers,3,166.26,0.05,473.85,High-Value Champions,Warm (31-90)
TXN001650,C00320,2023-08-24,Clothing,Sneakers,1,94.14,0.05,89.43,Loyal Frequent,Warm (31-90)
TXN002316,C00473,2023-08-25,Clothing,Jacket,3,262.62,0.0,787.87,Loyal Frequent,Warm (31-90)
TXN000171,C00035,2023-08-25,Home,Sofa,2,137.73,0.0,275.47,High-Value Champions,Active (0-30)
TXN001307,C00249,2023-08-25,Clothing,Jeans,2,157.2,0.0,314.4,High-Value Champions,Warm (31-90)
TXN002318,C00473,2023-08-26,Home,Bedding,3,305.59,0.1,825.08,Loyal Frequent,Warm (31-90)
TXN001785,C00351,2023-08-26,Home,Bedding,3,314.49,0.0,943.48,High-Value Champions,Cool (91-180)
TXN000684,C00125,2023-08-26,Home,Sofa,3,113.96,0.05,324.78,High-Value Champions,Warm (31-90)
TXN003115,C00657,2023-08-27,Sports,Yoga Mat,3,82.3,0.0,246.9,Loyal Frequent,At Risk (180+)
TXN001538,C00296,2023-08-27,Clothing,Jeans,1,68.61,0.0,68.61,Loyal Frequent,Cool (91-180)
TXN000967,C00183,2023-08-28,Beauty,Perfume,2,99.48,0.0,198.95,Loyal Frequent,At Risk (180+)
TXN002442,C00505,2023-08-28,Home,Cookware,2,108.42,0.0,216.84,Potential / Occasional,At Risk (180+)
TXN001865,C00370,2023-08-28,Electronics,Headphones,2,161.32,0.05,306.52,Potential / Occasional,Cool (91-180)
TXN001851,C00366,2023-08-29,Home,Lamp,1,22.51,0.1,20.26,Potential / Occasional,At Risk (180+)
TXN001086,C00204,2023-08-29,Beauty,Skincare,2,214.01,0.0,428.01,Loyal Frequent,At Risk (180+)
TXN000345,C00058,2023-08-29,Beauty,Perfume,1,261.45,0.0,261.45,High-Value Champions,Active (0-30)
TXN001715,C00333,2023-08-30,Clothing,Jacket,1,268.02,0.0,268.02,High-Value Champions,Active (0-30)
TXN001638,C00318,2023-08-30,Clothing,T-Shirt,2,75.61,0.05,143.66,Loyal Frequent,Warm (31-90)
TXN001210,C00230,2023-08-30,Home,Decor,2,135.7,0.0,271.4,Loyal Frequent,Cool (91-180)
TXN000240,C00043,2023-08-30,Electronics,Smartwatch,3,254.25,0.2,610.2,High-Value Champions,Warm (31-90)
TXN001642,C00318,2023-08-30,Home,Cookware,3,218.25,0.05,622.0,Loyal Frequent,Warm (31-90)
TXN003674,C00788,2023-08-31,Clothing,Dress,3,118.22,0.0,354.65,Potential / Occasional,At Risk (180+)
TXN001505,C00290,2023-08-31,Beauty,Perfume,2,415.91,0.0,831.83,High-Value Champions,Warm (31-90)
TXN000195,C00038,2023-08-31,Home,Cookware,2,181.52,0.05,344.89,High-Value Champions,Active (0-30)
TXN002725,C00558,2023-08-31,Clothing,Dress,1,119.15,0.0,119.15,Potential / Occasional,Cool (91-180)
TXN002196,C00441,2023-08-31,Sports,Running Shoes,1,108.42,0.1,97.58,Low-Value / At-Risk,At Risk (180+)
TXN002458,C00507,2023-09-01,Home,Bedding,3,165.79,0.0,497.38,Potential / Occasional,At Risk (180+)
TXN000453,C00085,2023-09-02,Electronics,Laptop,2,390.8,0.0,781.6,Loyal Frequent,Warm (31-90)
TXN000451,C00085,2023-09-03,Electronics,Smartwatch,1,214.41,0.15,182.25,Loyal Frequent,Warm (31-90)
TXN000858,C00155,2023-09-04,Home,Cookware,2,75.03,0.0,150.05,Low-Value / At-Risk,At Risk (180+)
TXN001666,C00325,2023-09-04,Electronics,Tablet,1,82.77,0.05,78.63,Low-Value / At-Risk,At Risk (180+)
TXN003210,C00677,2023-09-04,Electronics,Laptop,2,344.16,0.0,688.32,High-Value Champions,Active (0-30)
TXN001553,C00299,2023-09-04,Clothing,Dress,1,86.52,0.1,77.87,Loyal Frequent,Warm (31-90)
TXN001912,C00380,2023-09-04,Home,Lamp,1,16.57,0.1,14.91,Potential / Occasional,Cool (91-180)
TXN000434,C00082,2023-09-04,Electronics,Smartphone,2,147.73,0.1,265.91,Loyal Frequent,Cool (91-180)
TXN003718,C00798,2023-09-05,Sports,Running Shoes,3,76.97,0.05,219.38,Loyal Frequent,At Risk (180+)
TXN000255,C00044,2023-09-05,Home,Decor,1,293.45,0.0,293.45,High-Value Champions,Cool (91-180)
TXN002859,C00589,2023-09-06,Clothing,Sneakers,3,416.35,0.15,1061.68,Loyal Frequent,At Risk (180+)
TXN002978,C00627,2023-09-06,Home,Cookware,1,237.91,0.05,226.01,Loyal Frequent,Cool (91-180)
TXN002905,C00601,2023-09-06,Electronics,Laptop,3,241.33,0.0,723.98,Low-Value / At-Risk,At Risk (180+)
TXN002161,C00433,2023-09-07,Electronics,Headphones,3,405.05,0.1,1093.64,High-Value Champions,Warm (31-90)
TXN000129,C00021,2023-09-07,Clothing,Dress,1,66.35,0.0,66.35,Potential / Occasional,At Risk (180+)
TXN002614,C00542,2023-09-07,Beauty,Skincare,2,218.66,0.1,393.58,High-Value Champions,Warm (31-90)
TXN000960,C00180,2023-09-07,Beauty,Haircare,3,222.27,0.15,566.8,Potential / Occasional,Cool (91-180)
TXN001705,C00332,2023-09-07,Electronics,Headphones,1,90.17,0.05,85.66,Loyal Frequent,Warm (31-90)
TXN003462,C00739,2023-09-07,Sports,Running Shoes,3,90.47,0.2,217.13,Low-Value / At-Risk,At Risk (180+)
TXN000411,C00076,2023-09-08,Electronics,Smartwatch,1,105.27,0.0,105.27,Low-Value / At-Risk,At Risk (180+)
TXN002644,C00547,2023-09-09,Home,Cookware,3,41.46,0.0,124.38,Low-Value / At-Risk,At Risk (180+)
TXN003616,C00776,2023-09-09,Sports,Running Shoes,1,180.25,0.05,171.24,Loyal Frequent,Cool (91-180)
TXN002591,C00540,2023-09-09,Clothing,Dress,1,179.52,0.0,179.52,Loyal Frequent,Warm (31-90)
TXN000868,C00158,2023-09-10,Beauty,Skincare,1,408.84,0.0,408.84,Loyal Frequent,At Risk (180+)
TXN000233,C00043,2023-09-10,Beauty,Haircare,3,266.71,0.0,800.13,High-Value Champions,Warm (31-90)
TXN003302,C00696,2023-09-11,Sports,Bicycle,1,91.48,0.05,86.91,Loyal Frequent,At Risk (180+)
TXN001740,C00336,2023-09-11,Sports,Bicycle,3,72.35,0.0,217.06,Loyal Frequent,At Risk (180+)
TXN001208,C00229,2023-09-11,Electronics,Headphones,1,210.65,0.15,179.05,Potential / Occasional,Cool (91-180)
TXN001567,C00300,2023-09-11,Electronics,Smartphone,3,285.61,0.0,856.83,High-Value Champions,Active (0-30)
TXN000730,C00130,2023-09-11,Electronics,Headphones,1,351.45,0.0,351.45,High-Value Champions,Warm (31-90)
TXN002253,C00457,2023-09-11,Beauty,Skincare,1,68.83,0.15,58.51,Potential / Occasional,Cool (91-180)
TXN000507,C00096,2023-09-12,Beauty,Perfume,2,139.77,0.05,265.57,Loyal Frequent,Warm (31-90)
TXN002307,C00472,2023-09-12,Sports,Dumbbells,1,210.1,0.05,199.6,Loyal Frequent,At Risk (180+)
TXN002057,C00406,2023-09-12,Clothing,Dress,2,370.96,0.2,593.53,Loyal Frequent,At Risk (180+)
TXN002480,C00515,2023-09-12,Home,Cookware,1,84.99,0.1,76.49,Potential / Occasional,Warm (31-90)
TXN001037,C00195,2023-09-13,Sports,Running Shoes,1,116.28,0.0,116.28,High-Value Champions,Warm (31-90)
TXN001103,C00209,2023-09-13,Clothing,T-Shirt,2,23.01,0.05,43.72,Potential / Occasional,Warm (31-90)
TXN000469,C00088,2023-09-13,Sports,Yoga Mat,3,395.58,0.15,1008.74,High-Value Champions,Warm (31-90)
TXN002780,C00570,2023-09-13,Beauty,Haircare,1,56.39,0.0,56.39,Low-Value / At-Risk,At Risk (180+)
TXN002995,C00628,2023-09-14,Sports,Running Shoes,2,155.58,0.2,248.92,High-Value Champions,Cool (91-180)
TXN001617,C00315,2023-09-14,Electronics,Laptop,2,198.09,0.0,396.18,Loyal Frequent,At Risk (180+)
TXN000331,C00058,2023-09-15,Home,Cookware,1,396.28,0.0,396.28,High-Value Champions,Active (0-30)
TXN001114,C00212,2023-09-15,Electronics,Tablet,3,166.2,0.0,498.6,Potential / Occasional,Warm (31-90)
TXN001095,C00205,2023-09-15,Electronics,Headphones,1,39.82,0.0,39.82,Low-Value / At-Risk,At Risk (180+)
TXN000887,C00163,2023-09-15,Beauty,Makeup,3,394.3,0.1,1064.62,Loyal Frequent,At Risk (180+)
TXN003495,C00752,2023-09-15,Electronics,Headphones,1,225.09,0.0,225.09,High-Value Champions,Warm (31-90)
TXN003263,C00686,2023-09-16,Sports,Bicycle,3,134.75,0.0,404.26,Potential / Occasional,Cool (91-180)
TXN000196,C00038,2023-09-16,Beauty,Perfume,3,407.21,0.0,1221.63,High-Value Champions,Active (0-30)
TXN003073,C00645,2023-09-16,Clothing,Sneakers,1,70.77,0.15,60.15,Low-Value / At-Risk,At Risk (180+)
TXN000429,C00082,2023-09-17,Home,Bedding,2,68.85,0.0,137.69,Loyal Frequent,Cool (91-180)
TXN000155,C00028,2023-09-17,Electronics,Smartwatch,3,19.75,0.0,59.25,Low-Value / At-Risk,At Risk (180+)
TXN002548,C00530,2023-09-18,Sports,Running Shoes,2,145.5,0.0,291.01,Potential / Occasional,At Risk (180+)
TXN000745,C00134,2023-09-18,Electronics,Tablet,2,165.17,0.0,330.34,Loyal Frequent,Cool (91-180)
TXN002296,C00468,2023-09-18,Electronics,Headphones,3,90.31,0.0,270.94,Loyal Frequent,Warm (31-90)
TXN000283,C00049,2023-09-19,Home,Sofa,3,257.04,0.0,771.13,Loyal Frequent,Warm (31-90)
TXN003594,C00771,2023-09-19,Home,Decor,2,99.97,0.05,189.94,Low-Value / At-Risk,At Risk (180+)
TXN001806,C00354,2023-09-19,Clothing,Jacket,1,191.53,0.05,181.95,Loyal Frequent,At Risk (180+)
TXN000992,C00188,2023-09-20,Sports,Bicycle,2,348.02,0.05,661.24,Loyal Frequent,Cool (91-180)
TXN003092,C00651,2023-09-20,Sports,Dumbbells,1,26.4,0.1,23.76,Low-Value / At-Risk,At Risk (180+)
TXN001109,C00210,2023-09-20,Electronics,Laptop,2,204.85,0.0,409.7,Low-Value / At-Risk,At Risk (180+)
TXN001874,C00371,2023-09-20,Sports,Running Shoes,3,344.79,0.15,879.2,High-Value Champions,Active (0-30)
TXN003269,C00687,2023-09-20,Beauty,Perfume,2,42.64,0.15,72.48,Loyal Frequent,At Risk (180+)
TXN000122,C00019,2023-09-20,Clothing,Sneakers,2,327.91,0.1,590.24,High-Value Champions,Cool (91-180)
TXN003271,C00688,2023-09-20,Clothing,Dress,1,123.97,0.0,123.97,Loyal Frequent,At Risk (180+)
TXN001822,C00360,2023-09-20,Electronics,Smartphone,3,48.85,0.15,124.56,Low-Value / At-Risk,At Risk (180+)
TXN001313,C00251,2023-09-20,Electronics,Smartphone,1,85.38,0.0,85.38,High-Value Champions,Warm (31-90)
TXN003545,C00756,2023-09-21,Home,Sofa,2,367.14,0.05,697.56,High-Value Champions,Active (0-30)
TXN000699,C00128,2023-09-21,Home,Lamp,2,328.51,0.0,657.03,Loyal Frequent,Active (0-30)
TXN000902,C00165,2023-09-22,Electronics,Smartwatch,1,96.12,0.0,96.12,Potential / Occasional,Cool (91-180)
TXN003512,C00754,2023-09-23,Beauty,Haircare,1,311.35,0.0,311.35,High-Value Champions,Active (0-30)
TXN002914,C00604,2023-09-24,Home,Decor,1,51.71,0.05,49.13,Low-Value / At-Risk,At Risk (180+)
TXN001603,C00312,2023-09-24,Clothing,T-Shirt,2,92.66,0.0,185.32,Potential / Occasional,At Risk (180+)
TXN003610,C00776,2023-09-24,Sports,Bicycle,3,231.36,0.0,694.07,Loyal Frequent,Cool (91-180)
TXN002497,C00518,2023-09-25,Home,Sofa,3,443.35,0.15,1130.55,High-Value Champions,Cool (91-180)
TXN003214,C00677,2023-09-25,Home,Sofa,3,408.68,0.2,980.82,High-Value Champions,Active (0-30)
TXN003097,C00653,2023-09-26,Home,Decor,1,176.57,0.0,176.57,Loyal Frequent,Warm (31-90)
TXN002088,C00417,2023-09-26,Electronics,Headphones,2,199.51,0.2,319.21,Loyal Frequent,Cool (91-180)
TXN000922,C00167,2023-09-27,Beauty,Perfume,2,374.63,0.15,636.86,High-Value Champions,Cool (91-180)
TXN002814,C00578,2023-09-27,Electronics,Tablet,2,166.7,0.1,300.06,Loyal Frequent,Cool (91-180)
TXN000531,C00099,2023-09-28,Beauty,Haircare,2,149.06,0.1,268.3,Loyal Frequent,Cool (91-180)
TXN003224,C00677,2023-09-28,Home,Sofa,2,229.81,0.15,390.68,High-Value Champions,Active (0-30)
TXN003177,C00671,2023-09-29,Clothing,T-Shirt,2,88.69,0.0,177.39,Potential / Occasional,Cool (91-180)
TXN001975,C00390,2023-09-30,Electronics,Laptop,2,202.79,0.15,344.74,Loyal Frequent,At Risk (180+)
TXN001013,C00192,2023-09-30,Clothing,Sneakers,1,40.58,0.05,38.55,Low-Value / At-Risk,At Risk (180+)
TXN002663,C00549,2023-09-30,Beauty,Skincare,3,175.64,0.0,526.93,Loyal Frequent,Cool (91-180)
TXN003651,C00785,2023-09-30,Home,Lamp,1,46.85,0.0,46.85,Loyal Frequent,Cool (91-180)
TXN000950,C00178,2023-10-01,Home,Bedding,1,274.0,0.0,274.0,Loyal Frequent,Cool (91-180)
TXN002240,C00454,2023-10-01,Beauty,Perfume,2,422.68,0.0,845.36,High-Value Champions,At Risk (180+)
TXN002251,C00456,2023-10-01,Electronics,Tablet,3,86.69,0.15,221.07,Potential / Occasional,At Risk (180+)
TXN001031,C00194,2023-10-01,Home,Lamp,2,247.75,0.0,495.5,Loyal Frequent,At Risk (180+)
TXN001344,C00256,2023-10-01,Clothing,Dress,2,46.26,0.1,83.28,Potential / Occasional,At Risk (180+)
TXN001699,C00332,2023-10-02,Electronics,Smartwatch,1,47.29,0.0,47.29,Loyal Frequent,Warm (31-90)
TXN003338,C00705,2023-10-02,Sports,Running Shoes,2,271.16,0.1,488.09,Loyal Frequent,Warm (31-90)
TXN000272,C00047,2023-10-03,Beauty,Haircare,3,106.13,0.0,318.4,Loyal Frequent,Warm (31-90)
TXN000214,C00040,2023-10-04,Electronics,Smartwatch,3,102.9,0.1,277.82,High-Value Champions,Warm (31-90)
TXN003031,C00636,2023-10-04,Electronics,Laptop,3,157.57,0.2,378.16,Loyal Frequent,At Risk (180+)
TXN000528,C00099,2023-10-04,Sports,Running Shoes,2,65.5,0.05,124.44,Loyal Frequent,Cool (91-180)
TXN003206,C00676,2023-10-04,Home,Cookware,1,139.92,0.15,118.93,Loyal Frequent,At Risk (180+)
TXN001245,C00240,2023-10-05,Beauty,Makeup,2,200.11,0.05,380.2,Loyal Frequent,At Risk (180+)
TXN002886,C00596,2023-10-05,Beauty,Makeup,1,354.76,0.0,354.76,Loyal Frequent,Warm (31-90)
TXN001769,C00347,2023-10-06,Clothing,Jeans,3,185.71,0.1,501.43,Potential / Occasional,At Risk (180+)
TXN000306,C00052,2023-10-06,Electronics,Laptop,2,157.27,0.0,314.53,High-Value Champions,At Risk (180+)
TXN001660,C00322,2023-10-07,Electronics,Headphones,2,37.5,0.15,63.74,Low-Value / At-Risk,At Risk (180+)
TXN001974,C00390,2023-10-07,Sports,Yoga Mat,2,137.81,0.0,275.62,Loyal Frequent,At Risk (180+)
TXN003672,C00787,2023-10-08,Sports,Running Shoes,1,409.3,0.0,409.3,Loyal Frequent,Active (0-30)
TXN002044,C00404,2023-10-08,Electronics,Smartwatch,3,107.73,0.05,307.02,Low-Value / At-Risk,At Risk (180+)
TXN001465,C00286,2023-10-08,Home,Sofa,3,297.48,0.0,892.45,High-Value Champions,Warm (31-90)
TXN001425,C00275,2023-10-08,Sports,Bicycle,1,72.87,0.0,72.87,Potential / Occasional,Cool (91-180)
TXN002386,C00493,2023-10-08,Sports,Dumbbells,2,220.09,0.1,396.17,Loyal Frequent,Warm (31-90)
TXN001534,C00295,2023-10-08,Electronics,Tablet,2,26.32,0.0,52.64,Low-Value / At-Risk,At Risk (180+)
TXN000775,C00138,2023-10-08,Clothing,T-Shirt,2,376.3,0.0,752.61,High-Value Champions,Active (0-30)
TXN001357,C00258,2023-10-09,Sports,Running Shoes,1,80.87,0.05,76.83,High-Value Champions,Warm (31-90)
TXN003007,C00630,2023-10-09,Clothing,Jeans,2,57.83,0.05,109.88,Low-Value / At-Risk,At Risk (180+)
TXN003278,C00689,2023-10-10,Beauty,Perfume,1,177.38,0.2,141.9,Potential / Occasional,At Risk (180+)
TXN001646,C00319,2023-10-10,Clothing,Jacket,2,63.43,0.2,101.49,Low-Value / At-Risk,At Risk (180+)
TXN002601,C00541,2023-10-11,Home,Bedding,3,162.08,0.0,486.24,Loyal Frequent,At Risk (180+)
TXN001877,C00371,2023-10-11,Beauty,Perfume,2,319.64,0.0,639.28,High-Value Champions,Active (0-30)
TXN001899,C00377,2023-10-11,Home,Bedding,2,200.23,0.0,400.46,Loyal Frequent,Cool (91-180)
TXN001726,C00335,2023-10-11,Home,Cookware,3,346.73,0.0,1040.19,High-Value Champions,Cool (91-180)
TXN003208,C00676,2023-10-11,Clothing,Dress,2,122.98,0.0,245.96,Loyal Frequent,At Risk (180+)
TXN000672,C00123,2023-10-12,Sports,Bicycle,3,178.09,0.05,507.56,High-Value Champions,Active (0-30)
TXN000033,C00007,2023-10-12,Beauty,Haircare,3,267.61,0.05,762.69,High-Value Champions,Active (0-30)
TXN002434,C00502,2023-10-12,Beauty,Makeup,1,199.72,0.0,199.72,Loyal Frequent,Warm (31-90)
TXN003439,C00731,2023-10-13,Beauty,Haircare,2,200.74,0.0,401.48,Potential / Occasional,Active (0-30)
TXN003150,C00664,2023-10-13,Home,Cookware,2,247.05,0.0,494.1,Potential / Occasional,Cool (91-180)
TXN001492,C00288,2023-10-13,Electronics,Headphones,3,87.64,0.0,262.91,Loyal Frequent,Warm (31-90)
TXN000057,C00011,2023-10-13,Home,Lamp,3,423.78,0.05,1207.78,High-Value Champions,Warm (31-90)
TXN002963,C00621,2023-10-14,Home,Cookware,1,217.12,0.0,217.12,Low-Value / At-Risk,At Risk (180+)
TXN001459,C00282,2023-10-14,Beauty,Haircare,3,88.14,0.0,264.41,Loyal Frequent,Cool (91-180)
TXN002906,C00601,2023-10-14,Beauty,Perfume,2,247.15,0.0,494.3,Low-Value / At-Risk,At Risk (180+)
TXN000291,C00050,2023-10-14,Sports,Bicycle,1,212.69,0.05,202.06,High-Value Champions,Warm (31-90)
TXN001494,C00288,2023-10-14,Electronics,Laptop,3,214.23,0.0,642.69,Loyal Frequent,Warm (31-90)
TXN000388,C00069,2023-10-15,Home,Decor,2,329.71,0.15,560.51,High-Value Champions,Warm (31-90)
TXN001845,C00363,2023-10-15,Electronics,Tablet,3,230.99,0.1,623.66,Loyal Frequent,Cool (91-180)
TXN002056,C00406,2023-10-15,Sports,Bicycle,2,112.93,0.0,225.86,Loyal Frequent,At Risk (180+)
TXN001203,C00228,2023-10-15,Sports,Running Shoes,1,297.86,0.05,282.97,Loyal Frequent,At Risk (180+)
TXN001473,C00286,2023-10-15,Sports,Running Shoes,3,398.29,0.0,1194.88,High-Value Champions,Warm (31-90)
TXN000860,C00155,2023-10-16,Home,Decor,1,17.31,0.0,17.31,Low-Value / At-Risk,At Risk (180+)
TXN000143,C00025,2023-10-16,Clothing,Jeans,3,246.05,0.05,701.24,Loyal Frequent,Active (0-30)
TXN002704,C00554,2023-10-16,Home,Sofa,1,437.91,0.0,437.91,High-Value Champions,Cool (91-180)
TXN001568,C00300,2023-10-17,Sports,Bicycle,2,408.23,0.1,734.81,High-Value Champions,Active (0-30)
TXN003159,C00666,2023-10-17,Sports,Running Shoes,1,132.08,0.15,112.26,High-Value Champions,Warm (31-90)
TXN003029,C00635,2023-10-17,Electronics,Laptop,1,238.66,0.15,202.86,Loyal Frequent,At Risk (180+)
TXN003003,C00629,2023-10-18,Home,Bedding,3,102.63,0.0,307.9,Loyal Frequent,At Risk (180+)
TXN000245,C00043,2023-10-18,Sports,Dumbbells,2,82.0,0.0,164.0,High-Value Champions,Warm (31-90)
TXN002482,C00516,2023-10-19,Home,Sofa,3,85.37,0.0,256.11,Potential / Occasional,Warm (31-90)
TXN000911,C00166,2023-10-19,Sports,Yoga Mat,3,280.39,0.0,841.17,High-Value Champions,Active (0-30)
TXN003140,C00662,2023-10-20,Home,Sofa,1,158.23,0.1,142.4,Potential / Occasional,At Risk (180+)
TXN002847,C00586,2023-10-20,Clothing,Jeans,2,96.18,0.05,182.74,Low-Value / At-Risk,At Risk (180+)
TXN000035,C00007,2023-10-20,Beauty,Makeup,1,434.64,0.0,434.64,High-Value Champions,Active (0-30)
TXN000776,C00138,2023-10-20,Sports,Running Shoes,2,296.91,0.0,593.81,High-Value Champions,Active (0-30)
TXN000341,C00058,2023-10-20,Electronics,Smartwatch,3,328.78,0.05,937.04,High-Value Champions,Active (0-30)
TXN002030,C00400,2023-10-21,Electronics,Headphones,3,96.01,0.0,288.02,Loyal Frequent,Cool (91-180)
TXN000806,C00145,2023-10-22,Home,Decor,2,183.73,0.1,330.72,Potential / Occasional,At Risk (180+)
TXN001262,C00244,2023-10-23,Electronics,Laptop,1,346.44,0.0,346.44,High-Value Champions,Cool (91-180)
TXN000489,C00091,2023-10-23,Sports,Dumbbells,1,61.6,0.05,58.52,Potential / Occasional,At Risk (180+)
TXN000121,C00019,2023-10-23,Home,Bedding,1,96.82,0.05,91.98,High-Value Champions,Cool (91-180)
TXN001629,C00316,2023-10-23,Sports,Dumbbells,1,102.68,0.0,102.68,Loyal Frequent,Warm (31-90)
TXN001835,C00362,2023-10-23,Home,Cookware,3,178.86,0.0,536.58,Loyal Frequent,At Risk (180+)
TXN002582,C00539,2023-10-23,Clothing,Sneakers,3,157.36,0.05,448.48,Loyal Frequent,At Risk (180+)
TXN000714,C00130,2023-10-24,Electronics,Smartwatch,3,356.58,0.2,855.8,High-Value Champions,Warm (31-90)
TXN001090,C00204,2023-10-24,Clothing,Dress,1,278.54,0.1,250.69,Loyal Frequent,At Risk (180+)
TXN001471,C00286,2023-10-24,Beauty,Makeup,3,146.09,0.1,394.45,High-Value Champions,Warm (31-90)
TXN000261,C00045,2023-10-25,Sports,Dumbbells,3,40.23,0.0,120.7,Loyal Frequent,Cool (91-180)
TXN000359,C00064,2023-10-25,Clothing,Jeans,3,46.8,0.0,140.39,Potential / Occasional,At Risk (180+)
TXN002764,C00565,2023-10-25,Clothing,Sneakers,2,83.33,0.0,166.66,Potential / Occasional,Cool (91-180)
TXN000192,C00038,2023-10-25,Clothing,Jacket,2,388.18,0.15,659.91,High-Value Champions,Active (0-30)
TXN002433,C00502,2023-10-26,Clothing,Jacket,3,50.48,0.05,143.88,Loyal Frequent,Warm (31-90)
TXN001001,C00190,2023-10-26,Home,Cookware,2,403.56,0.05,766.76,Loyal Frequent,Warm (31-90)
TXN001104,C00209,2023-10-26,Electronics,Laptop,1,30.98,0.0,30.98,Potential / Occasional,Warm (31-90)
TXN001700,C00332,2023-10-26,Clothing,Sneakers,1,223.5,0.15,189.98,Loyal Frequent,Warm (31-90)
TXN001695,C00330,2023-10-26,Clothing,T-Shirt,3,195.56,0.0,586.69,Loyal Frequent,Cool (91-180)
TXN003389,C00721,2023-10-27,Home,Decor,2,230.89,0.0,461.78,Loyal Frequent,Warm (31-90)
TXN002474,C00513,2023-10-27,Sports,Running Shoes,1,81.58,0.1,73.42,Potential / Occasional,At Risk (180+)
TXN003023,C00634,2023-10-28,Beauty,Perfume,1,141.18,0.1,127.06,Potential / Occasional,At Risk (180+)
TXN000286,C00049,2023-10-28,Beauty,Perfume,3,189.4,0.0,568.19,Loyal Frequent,Warm (31-90)
TXN003688,C00793,2023-10-28,Clothing,Dress,1,236.06,0.0,236.06,Low-Value / At-Risk,At Risk (180+)
TXN001917,C00382,2023-10-28,Clothing,Sneakers,3,100.62,0.1,271.68,Loyal Frequent,Cool (91-180)
TXN001741,C00337,2023-10-29,Clothing,Jeans,2,87.45,0.05,166.15,Low-Value / At-Risk,At Risk (180+)
TXN000654,C00120,2023-10-29,Sports,Dumbbells,1,318.46,0.0,318.46,Loyal Frequent,At Risk (180+)
TXN001580,C00304,2023-10-30,Clothing,Jeans,3,56.88,0.0,170.64,Low-Value / At-Risk,At Risk (180+)
TXN001552,C00299,2023-10-30,Clothing,Jacket,3,96.69,0.0,290.08,Loyal Frequent,Warm (31-90)
TXN002348,C00482,2023-10-30,Clothing,Sneakers,2,158.82,0.0,317.64,Loyal Frequent,Warm (31-90)
TXN001826,C00361,2023-10-31,Beauty,Perfume,1,392.54,0.0,392.54,High-Value Champions,Warm (31-90)
TXN001008,C00191,2023-11-01,Home,Lamp,3,45.22,0.0,135.66,Potential / Occasional,At Risk (180+)
TXN003033,C00636,2023-11-01,Electronics,Laptop,1,65.63,0.0,65.63,Loyal Frequent,At Risk (180+)
TXN001935,C00384,2023-11-01,Sports,Bicycle,2,247.05,0.0,494.11,High-Value Champions,Warm (31-90)
TXN002227,C00452,2023-11-01,Sports,Dumbbells,3,182.49,0.0,547.47,Potential / Occasional,Cool (91-180)
TXN002043,C00404,2023-11-01,Sports,Yoga Mat,3,85.12,0.05,242.58,Low-Value / At-Risk,At Risk (180+)
TXN000023,C00006,2023-11-02,Electronics,Headphones,1,208.94,0.0,208.94,Loyal Frequent,Active (0-30)
TXN002960,C00621,2023-11-03,Home,Lamp,1,150.41,0.0,150.41,Low-Value / At-Risk,At Risk (180+)
TXN003668,C00787,2023-11-03,Beauty,Haircare,2,100.55,0.0,201.1,Loyal Frequent,Active (0-30)
TXN001297,C00249,2023-11-04,Beauty,Makeup,2,116.99,0.05,222.29,High-Value Champions,Warm (31-90)
TXN002398,C00496,2023-11-04,Beauty,Perfume,3,142.57,0.0,427.72,Loyal Frequent,At Risk (180+)
TXN003414,C00727,2023-11-04,Clothing,Sneakers,3,334.71,0.0,1004.12,Loyal Frequent,Cool (91-180)
TXN000257,C00044,2023-11-05,Electronics,Laptop,2,419.39,0.0,838.78,High-Value Champions,Cool (91-180)
TXN002209,C00447,2023-11-05,Electronics,Smartwatch,1,63.34,0.05,60.17,Low-Value / At-Risk,At Risk (180+)
TXN001526,C00293,2023-11-05,Clothing,Dress,1,447.89,0.0,447.89,High-Value Champions,Warm (31-90)
TXN002313,C00473,2023-11-05,Home,Bedding,3,181.77,0.0,545.31,Loyal Frequent,Warm (31-90)
TXN002195,C00440,2023-11-06,Sports,Dumbbells,2,214.97,0.15,365.46,Loyal Frequent,Active (0-30)
TXN002826,C00581,2023-11-06,Clothing,Jacket,3,230.83,0.1,623.23,Loyal Frequent,Warm (31-90)
TXN001368,C00261,2023-11-07,Sports,Bicycle,2,33.0,0.05,62.69,Low-Value / At-Risk,At Risk (180+)
TXN001467,C00286,2023-11-07,Home,Cookware,1,106.24,0.05,100.93,High-Value Champions,Warm (31-90)
TXN002267,C00459,2023-11-07,Sports,Running Shoes,1,236.25,0.0,236.25,Loyal Frequent,Warm (31-90)
TXN001523,C00293,2023-11-07,Beauty,Perfume,1,346.62,0.0,346.62,High-Value Champions,Warm (31-90)
TXN002775,C00570,2023-11-07,Home,Lamp,1,51.65,0.2,41.32,Low-Value / At-Risk,At Risk (180+)
TXN002264,C00459,2023-11-08,Home,Bedding,3,222.97,0.0,668.92,Loyal Frequent,Warm (31-90)
TXN001606,C00313,2023-11-08,Beauty,Haircare,2,66.71,0.05,126.75,Loyal Frequent,At Risk (180+)
TXN001151,C00215,2023-11-08,Electronics,Tablet,2,363.48,0.15,617.91,High-Value Champions,Active (0-30)
TXN002352,C00483,2023-11-08,Sports,Bicycle,1,122.48,0.2,97.98,Loyal Frequent,Cool (91-180)
TXN000575,C00106,2023-11-09,Home,Cookware,1,105.16,0.0,105.16,Loyal Frequent,Warm (31-90)
TXN002599,C00541,2023-11-11,Home,Cookware,1,206.43,0.05,196.1,Loyal Frequent,At Risk (180+)
TXN003647,C00784,2023-11-11,Sports,Yoga Mat,3,184.63,0.05,526.21,Potential / Occasional,Active (0-30)
TXN001199,C00228,2023-11-11,Sports,Bicycle,1,218.09,0.15,185.37,Loyal Frequent,At Risk (180+)
TXN002189,C00440,2023-11-11,Home,Sofa,1,67.45,0.0,67.45,Loyal Frequent,Active (0-30)
TXN003069,C00644,2023-11-12,Sports,Dumbbells,1,248.51,0.0,248.51,Potential / Occasional,At Risk (180+)
TXN003503,C00752,2023-11-12,Clothing,Jacket,3,182.49,0.0,547.46,High-Value Champions,Warm (31-90)
TXN000265,C00046,2023-11-12,Beauty,Perfume,2,136.74,0.0,273.48,Potential / Occasional,At Risk (180+)
TXN000768,C00137,2023-11-13,Electronics,Headphones,1,357.7,0.0,357.7,High-Value Champions,Warm (31-90)
TXN000743,C00134,2023-11-13,Beauty,Perfume,1,45.91,0.0,45.91,Loyal Frequent,Cool (91-180)
TXN003147,C00664,2023-11-14,Clothing,Sneakers,1,79.05,0.1,71.14,Potential / Occasional,Cool (91-180)
TXN000947,C00177,2023-11-14,Home,Sofa,1,59.56,0.0,59.56,Low-Value / At-Risk,At Risk (180+)
TXN002399,C00496,2023-11-14,Sports,Running Shoes,2,40.74,0.15,69.26,Loyal Frequent,At Risk (180+)
TXN000757,C00137,2023-11-14,Electronics,Headphones,2,213.5,0.05,405.65,High-Value Champions,Warm (31-90)
TXN002260,C00459,2023-11-15,Home,Sofa,1,111.68,0.15,94.93,Loyal Frequent,Warm (31-90)
TXN001594,C00308,2023-11-15,Home,Sofa,1,348.04,0.05,330.63,Loyal Frequent,At Risk (180+)
TXN001838,C00362,2023-11-15,Beauty,Haircare,2,119.83,0.1,215.7,Loyal Frequent,At Risk (180+)
TXN000614,C00114,2023-11-15,Clothing,Sneakers,1,58.26,0.0,58.26,Loyal Frequent,Warm (31-90)
TXN001971,C00389,2023-11-17,Clothing,T-Shirt,3,157.21,0.05,448.04,Potential / Occasional,At Risk (180+)
TXN002275,C00462,2023-11-17,Clothing,Sneakers,1,146.34,0.1,131.7,Loyal Frequent,Cool (91-180)
TXN000811,C00146,2023-11-18,Home,Decor,1,124.2,0.15,105.57,Loyal Frequent,At Risk (180+)
TXN001636,C00317,2023-11-18,Home,Cookware,3,60.67,0.15,154.71,Loyal Frequent,Cool (91-180)
TXN002950,C00616,2023-11-18,Electronics,Smartwatch,1,44.93,0.1,40.43,Low-Value / At-Risk,At Risk (180+)
TXN000943,C00176,2023-11-18,Clothing,Dress,1,234.18,0.05,222.47,Potential / Occasional,At Risk (180+)
TXN000546,C00102,2023-11-18,Electronics,Smartwatch,2,236.03,0.05,448.46,High-Value Champions,Warm (31-90)
TXN001299,C00249,2023-11-18,Beauty,Makeup,2,82.41,0.05,156.59,High-Value Champions,Warm (31-90)
TXN000926,C00167,2023-11-19,Beauty,Perfume,1,222.65,0.1,200.39,High-Value Champions,Cool (91-180)
TXN000652,C00120,2023-11-19,Home,Cookware,3,197.25,0.0,591.76,Loyal Frequent,At Risk (180+)
TXN000407,C00075,2023-11-19,Home,Bedding,3,49.53,0.1,133.72,Potential / Occasional,At Risk (180+)
TXN000046,C00008,2023-11-19,Clothing,Dress,3,101.8,0.15,259.59,Potential / Occasional,Cool (91-180)
TXN002234,C00454,2023-11-20,Clothing,Dress,3,431.19,0.0,1293.58,High-Value Champions,At Risk (180+)
TXN000588,C00108,2023-11-20,Electronics,Headphones,1,190.62,0.1,171.56,Loyal Frequent,Active (0-30)
TXN002309,C00472,2023-11-21,Sports,Dumbbells,2,191.68,0.0,383.36,Loyal Frequent,At Risk (180+)
TXN002799,C00576,2023-11-21,Beauty,Makeup,3,106.55,0.15,271.69,Low-Value / At-Risk,At Risk (180+)
TXN003704,C00796,2023-11-21,Clothing,Jacket,2,187.57,0.0,375.13,Loyal Frequent,Cool (91-180)
TXN001268,C00244,2023-11-21,Clothing,T-Shirt,1,294.68,0.15,250.48,High-Value Champions,Cool (91-180)
TXN002002,C00395,2023-11-21,Beauty,Makeup,1,149.05,0.1,134.14,Loyal Frequent,At Risk (180+)
TXN001927,C00383,2023-11-22,Beauty,Haircare,2,85.71,0.0,171.41,Potential / Occasional,Cool (91-180)
TXN001246,C00240,2023-11-22,Home,Decor,2,434.87,0.0,869.74,Loyal Frequent,At Risk (180+)
TXN000601,C00111,2023-11-22,Home,Decor,1,149.53,0.1,134.57,Potential / Occasional,Cool (91-180)
TXN000448,C00084,2023-11-22,Sports,Bicycle,3,86.76,0.0,260.29,Loyal Frequent,At Risk (180+)
TXN002729,C00559,2023-11-22,Sports,Bicycle,3,112.04,0.05,319.32,Potential / Occasional,Cool (91-180)
TXN001670,C00327,2023-11-22,Home,Bedding,3,331.53,0.05,944.86,Loyal Frequent,Warm (31-90)
TXN001762,C00344,2023-11-24,Beauty,Makeup,3,66.77,0.0,200.3,Low-Value / At-Risk,At Risk (180+)
TXN000659,C00121,2023-11-24,Clothing,T-Shirt,1,159.49,0.15,135.56,Low-Value / At-Risk,At Risk (180+)
TXN000061,C00011,2023-11-25,Clothing,Sneakers,3,218.06,0.15,556.04,High-Value Champions,Warm (31-90)
TXN001989,C00391,2023-11-25,Home,Bedding,3,258.53,0.0,775.58,High-Value Champions,Active (0-30)
TXN002041,C00403,2023-11-26,Home,Bedding,1,112.18,0.0,112.18,Low-Value / At-Risk,At Risk (180+)
TXN003215,C00677,2023-11-26,Home,Bedding,2,249.55,0.0,499.1,High-Value Champions,Active (0-30)
TXN003522,C00755,2023-11-27,Electronics,Tablet,2,198.15,0.05,376.48,High-Value Champions,Active (0-30)
TXN003723,C00799,2023-11-27,Clothing,Sneakers,2,153.75,0.15,261.38,Potential / Occasional,Warm (31-90)
TXN001796,C00352,2023-11-28,Home,Bedding,1,187.54,0.0,187.54,Loyal Frequent,At Risk (180+)
TXN002077,C00414,2023-11-28,Sports,Running Shoes,3,73.36,0.05,209.07,Loyal Frequent,Cool (91-180)
TXN001916,C00382,2023-11-28,Electronics,Tablet,3,266.4,0.15,679.31,Loyal Frequent,Cool (91-180)
TXN000751,C00136,2023-11-28,Home,Sofa,1,176.44,0.0,176.44,Loyal Frequent,At Risk (180+)
TXN002288,C00465,2023-11-29,Home,Cookware,1,68.38,0.1,61.54,Low-Value / At-Risk,At Risk (180+)
TXN000165,C00034,2023-11-29,Home,Cookware,3,60.28,0.0,180.84,Low-Value / At-Risk,At Risk (180+)
TXN002241,C00454,2023-11-29,Sports,Yoga Mat,2,417.75,0.05,793.73,High-Value Champions,At Risk (180+)
TXN003226,C00678,2023-11-29,Clothing,T-Shirt,2,101.63,0.1,182.93,Low-Value / At-Risk,At Risk (180+)
TXN001677,C00328,2023-11-30,Electronics,Smartphone,2,308.22,0.0,616.44,High-Value Champions,Cool (91-180)
TXN002525,C00524,2023-11-30,Electronics,Laptop,1,180.81,0.0,180.81,Loyal Frequent,Cool (91-180)
TXN003550,C00756,2023-12-01,Sports,Bicycle,3,108.59,0.15,276.91,High-Value Champions,Active (0-30)
TXN000990,C00188,2023-12-01,Beauty,Skincare,3,330.74,0.1,893.0,Loyal Frequent,Cool (91-180)
TXN001026,C00194,2023-12-01,Sports,Bicycle,3,74.45,0.2,178.69,Loyal Frequent,At Risk (180+)
TXN001017,C00193,2023-12-01,Clothing,Jacket,1,162.73,0.0,162.73,High-Value Champions,Warm (31-90)
TXN002660,C00548,2023-12-02,Electronics,Smartwatch,1,441.82,0.15,375.55,High-Value Champions,Warm (31-90)
TXN002955,C00618,2023-12-03,Electronics,Tablet,3,60.74,0.1,163.99,Low-Value / At-Risk,At Risk (180+)
TXN001643,C00318,2023-12-04,Electronics,Headphones,2,107.64,0.15,182.98,Loyal Frequent,Warm (31-90)
TXN002123,C00427,2023-12-04,Home,Sofa,2,240.61,0.05,457.15,High-Value Champions,Warm (31-90)
TXN003303,C00696,2023-12-04,Sports,Dumbbells,2,199.17,0.1,358.5,Loyal Frequent,At Risk (180+)
TXN003001,C00629,2023-12-04,Home,Sofa,1,196.14,0.0,196.14,Loyal Frequent,At Risk (180+)
TXN000687,C00125,2023-12-04,Sports,Bicycle,2,214.05,0.0,428.1,High-Value Champions,Warm (31-90)
TXN002687,C00552,2023-12-04,Electronics,Smartphone,2,206.5,0.1,371.7,Loyal Frequent,At Risk (180+)
TXN000978,C00185,2023-12-04,Clothing,Jeans,1,123.48,0.15,104.95,Loyal Frequent,Cool (91-180)
TXN002510,C00520,2023-12-05,Sports,Running Shoes,1,53.51,0.0,53.51,Loyal Frequent,Warm (31-90)
TXN000784,C00138,2023-12-05,Electronics,Laptop,3,296.75,0.0,890.25,High-Value Champions,Active (0-30)
TXN002207,C00445,2023-12-05,Clothing,Jeans,1,45.15,0.1,40.63,Potential / Occasional,Warm (31-90)
TXN003034,C00636,2023-12-05,Home,Lamp,3,156.95,0.15,400.21,Loyal Frequent,At Risk (180+)
TXN002424,C00500,2023-12-05,Beauty,Haircare,2,207.37,0.0,414.73,Low-Value / At-Risk,At Risk (180+)
TXN000721,C00130,2023-12-06,Beauty,Skincare,3,359.29,0.15,916.18,High-Value Champions,Warm (31-90)
TXN002134,C00427,2023-12-06,Home,Decor,3,417.16,0.15,1063.77,High-Value Champions,Warm (31-90)
TXN001093,C00204,2023-12-06,Sports,Dumbbells,2,168.78,0.0,337.56,Loyal Frequent,At Risk (180+)
TXN001697,C00330,2023-12-06,Home,Cookware,1,132.63,0.0,132.63,Loyal Frequent,Cool (91-180)
TXN003268,C00687,2023-12-07,Home,Cookware,1,220.37,0.0,220.37,Loyal Frequent,At Risk (180+)
TXN001340,C00255,2023-12-07,Sports,Yoga Mat,3,159.91,0.0,479.72,Loyal Frequent,At Risk (180+)
TXN002749,C00562,2023-12-08,Clothing,T-Shirt,1,124.71,0.05,118.48,High-Value Champions,Cool (91-180)
TXN000590,C00109,2023-12-08,Sports,Yoga Mat,2,186.4,0.15,316.89,Loyal Frequent,Active (0-30)
TXN001472,C00286,2023-12-08,Sports,Dumbbells,3,308.09,0.0,924.27,High-Value Champions,Warm (31-90)
TXN000592,C00109,2023-12-09,Beauty,Makeup,3,224.33,0.0,672.98,Loyal Frequent,Active (0-30)
TXN001052,C00197,2023-12-09,Beauty,Skincare,3,38.81,0.15,98.96,Low-Value / At-Risk,At Risk (180+)
TXN001904,C00378,2023-12-09,Clothing,Jeans,1,16.65,0.0,16.65,Potential / Occasional,Warm (31-90)
TXN000410,C00076,2023-12-09,Sports,Yoga Mat,3,80.62,0.0,241.87,Low-Value / At-Risk,At Risk (180+)
TXN003382,C00720,2023-12-09,Electronics,Headphones,1,44.12,0.0,44.12,Potential / Occasional,At Risk (180+)
TXN001040,C00195,2023-12-10,Home,Cookware,3,116.91,0.0,350.74,High-Value Champions,Warm (31-90)
TXN000433,C00082,2023-12-10,Home,Lamp,2,221.04,0.0,442.07,Loyal Frequent,Cool (91-180)
TXN003347,C00705,2023-12-10,Beauty,Perfume,1,194.3,0.0,194.3,Loyal Frequent,Warm (31-90)
TXN000889,C00163,2023-12-10,Home,Lamp,1,117.92,0.0,117.92,Loyal Frequent,At Risk (180+)
TXN000263,C00045,2023-12-11,Sports,Yoga Mat,1,183.77,0.05,174.58,Loyal Frequent,Cool (91-180)
TXN000563,C00103,2023-12-11,Electronics,Laptop,3,64.79,0.05,184.64,Low-Value / At-Risk,At Risk (180+)
TXN003714,C00798,2023-12-13,Electronics,Laptop,2,65.5,0.0,131.01,Loyal Frequent,At Risk (180+)
TXN000539,C00101,2023-12-13,Clothing,T-Shirt,2,110.83,0.05,210.57,Loyal Frequent,At Risk (180+)
TXN001586,C00307,2023-12-13,Electronics,Headphones,3,64.47,0.0,193.42,Potential / Occasional,Warm (31-90)
TXN001440,C00279,2023-12-13,Clothing,Sneakers,1,182.23,0.05,173.12,Loyal Frequent,Warm (31-90)
TXN001067,C00199,2023-12-13,Sports,Running Shoes,3,93.98,0.1,253.75,High-Value Champions,Warm (31-90)
TXN000989,C00188,2023-12-14,Sports,Yoga Mat,3,415.54,0.0,1246.62,Loyal Frequent,Cool (91-180)
TXN003222,C00677,2023-12-14,Electronics,Headphones,2,372.34,0.0,744.68,High-Value Champions,Active (0-30)
TXN000885,C00162,2023-12-14,Electronics,Laptop,1,84.76,0.05,80.53,Low-Value / At-Risk,At Risk (180+)
TXN003472,C00742,2023-12-14,Sports,Bicycle,3,119.24,0.0,357.71,Low-Value / At-Risk,At Risk (180+)
TXN003565,C00760,2023-12-15,Beauty,Perfume,1,233.84,0.05,222.15,Loyal Frequent,At Risk (180+)
TXN001462,C00283,2023-12-15,Clothing,Dress,2,108.0,0.05,205.2,Potential / Occasional,Warm (31-90)
TXN001174,C00222,2023-12-15,Sports,Running Shoes,2,106.88,0.0,213.75,Low-Value / At-Risk,At Risk (180+)
TXN000483,C00090,2023-12-16,Electronics,Headphones,1,51.71,0.0,51.71,Loyal Frequent,Cool (91-180)
TXN002034,C00401,2023-12-16,Clothing,Jeans,1,158.83,0.05,150.89,Loyal Frequent,Warm (31-90)
TXN003603,C00774,2023-12-16,Electronics,Laptop,2,103.46,0.15,175.88,Loyal Frequent,Warm (31-90)
TXN001071,C00201,2023-12-16,Clothing,Jacket,3,198.56,0.05,565.9,Potential / Occasional,Cool (91-180)
TXN003191,C00675,2023-12-17,Clothing,Dress,2,382.34,0.15,649.97,High-Value Champions,Cool (91-180)
TXN003243,C00681,2023-12-17,Home,Bedding,2,208.56,0.15,354.55,Loyal Frequent,At Risk (180+)
TXN000761,C00137,2023-12-17,Beauty,Makeup,2,232.05,0.0,464.1,High-Value Champions,Warm (31-90)
TXN002851,C00589,2023-12-17,Electronics,Headphones,2,150.77,0.0,301.55,Loyal Frequent,At Risk (180+)
TXN001337,C00255,2023-12-18,Beauty,Haircare,3,169.05,0.15,431.09,Loyal Frequent,At Risk (180+)
TXN002322,C00474,2023-12-18,Sports,Yoga Mat,3,202.39,0.2,485.75,Loyal Frequent,At Risk (180+)
TXN000814,C00146,2023-12-18,Home,Decor,3,395.72,0.2,949.72,Loyal Frequent,At Risk (180+)
TXN003656,C00785,2023-12-19,Clothing,T-Shirt,1,207.38,0.05,197.01,Loyal Frequent,Cool (91-180)
TXN000205,C00039,2023-12-19,Beauty,Perfume,2,192.09,0.0,384.18,Loyal Frequent,Active (0-30)
TXN001731,C00335,2023-12-19,Home,Decor,1,425.15,0.0,425.15,High-Value Champions,Cool (91-180)
TXN002152,C00433,2023-12-19,Clothing,T-Shirt,1,244.43,0.0,244.43,High-Value Champions,Warm (31-90)
TXN003114,C00657,2023-12-19,Sports,Yoga Mat,1,178.54,0.0,178.54,Loyal Frequent,At Risk (180+)
TXN000966,C00183,2023-12-19,Clothing,T-Shirt,1,99.89,0.0,99.89,Loyal Frequent,At Risk (180+)
TXN000418,C00079,2023-12-19,Electronics,Tablet,3,108.48,0.2,260.36,Loyal Frequent,Cool (91-180)
TXN002106,C00422,2023-12-21,Home,Lamp,3,54.11,0.0,162.33,Loyal Frequent,Active (0-30)
TXN003277,C00688,2023-12-21,Home,Decor,2,150.34,0.1,270.62,Loyal Frequent,At Risk (180+)
TXN003535,C00755,2023-12-22,Beauty,Makeup,3,215.2,0.0,645.59,High-Value Champions,Active (0-30)
TXN002607,C00542,2023-12-22,Beauty,Makeup,1,394.58,0.05,374.85,High-Value Champions,Warm (31-90)
TXN002405,C00497,2023-12-22,Home,Cookware,2,439.42,0.15,747.01,High-Value Champions,At Risk (180+)
TXN002142,C00429,2023-12-23,Clothing,T-Shirt,3,75.81,0.1,204.68,Low-Value / At-Risk,At Risk (180+)
TXN001997,C00394,2023-12-23,Clothing,Jacket,1,39.4,0.0,39.4,Low-Value / At-Risk,At Risk (180+)
TXN003141,C00662,2023-12-24,Sports,Running Shoes,2,85.1,0.0,170.2,Potential / Occasional,At Risk (180+)
TXN000650,C00120,2023-12-24,Beauty,Perfume,2,131.55,0.2,210.48,Loyal Frequent,At Risk (180+)
TXN003373,C00716,2023-12-24,Electronics,Smartphone,3,101.35,0.0,304.05,Low-Value / At-Risk,At Risk (180+)
TXN003566,C00760,2023-12-25,Home,Lamp,3,355.38,0.0,1066.15,Loyal Frequent,At Risk (180+)
TXN001444,C00280,2023-12-25,Home,Decor,1,246.01,0.15,209.11,Loyal Frequent,At Risk (180+)
TXN001872,C00371,2023-12-26,Sports,Dumbbells,3,156.56,0.0,469.68,High-Value Champions,Active (0-30)
TXN000111,C00019,2023-12-26,Electronics,Laptop,3,403.41,0.05,1149.71,High-Value Champions,Cool (91-180)
TXN001794,C00352,2023-12-26,Beauty,Perfume,2,392.36,0.0,784.72,Loyal Frequent,At Risk (180+)
TXN003037,C00637,2023-12-26,Clothing,Sneakers,3,115.19,0.0,345.56,Low-Value / At-Risk,At Risk (180+)
TXN000780,C00138,2023-12-26,Beauty,Haircare,1,245.34,0.0,245.34,High-Value Champions,Active (0-30)
TXN003627,C00779,2023-12-27,Home,Cookware,2,411.66,0.05,782.16,Loyal Frequent,At Risk (180+)
TXN001977,C00390,2023-12-27,Electronics,Smartphone,2,224.25,0.15,381.22,Loyal Frequent,At Risk (180+)
TXN003398,C00725,2023-12-28,Home,Lamp,1,399.15,0.0,399.15,Loyal Frequent,Warm (31-90)
TXN002375,C00489,2023-12-28,Electronics,Smartphone,1,28.71,0.1,25.84,Potential / Occasional,Active (0-30)
TXN002004,C00396,2023-12-29,Clothing,T-Shirt,1,98.54,0.0,98.54,Potential / Occasional,At Risk (180+)
TXN001285,C00246,2023-12-29,Electronics,Tablet,1,103.39,0.05,98.22,Potential / Occasional,Cool (91-180)
TXN003422,C00728,2023-12-30,Home,Decor,1,133.02,0.05,126.37,Loyal Frequent,Warm (31-90)
TXN000495,C00093,2023-12-30,Clothing,Dress,2,87.6,0.2,140.16,Potential / Occasional,At Risk (180+)
TXN000826,C00148,2024-01-01,Beauty,Perfume,1,110.38,0.05,104.86,Potential / Occasional,Cool (91-180)
TXN001738,C00336,2024-01-01,Home,Sofa,2,194.73,0.0,389.46,Loyal Frequent,At Risk (180+)
TXN001503,C00290,2024-01-01,Electronics,Smartphone,3,129.4,0.1,349.38,High-Value Champions,Warm (31-90)
TXN002854,C00589,2024-01-02,Clothing,Dress,1,173.61,0.15,147.57,Loyal Frequent,At Risk (180+)
TXN000164,C00033,2024-01-02,Electronics,Headphones,1,118.27,0.0,118.27,Potential / Occasional,At Risk (180+)
TXN000541,C00101,2024-01-02,Home,Decor,2,62.29,0.0,124.59,Loyal Frequent,At Risk (180+)
TXN003104,C00655,2024-01-03,Sports,Yoga Mat,2,22.85,0.0,45.7,Low-Value / At-Risk,At Risk (180+)
TXN003582,C00766,2024-01-04,Clothing,Jeans,3,208.83,0.05,595.17,Loyal Frequent,At Risk (180+)
TXN002917,C00606,2024-01-04,Clothing,Jeans,3,234.73,0.0,704.18,Potential / Occasional,Cool (91-180)
TXN001138,C00214,2024-01-05,Beauty,Haircare,2,98.91,0.0,197.82,Potential / Occasional,Warm (31-90)
TXN002731,C00560,2024-01-06,Home,Cookware,2,71.22,0.0,142.43,Potential / Occasional,At Risk (180+)
TXN001512,C00291,2024-01-07,Sports,Yoga Mat,2,74.33,0.0,148.67,Low-Value / At-Risk,At Risk (180+)
TXN000886,C00162,2024-01-08,Beauty,Haircare,1,115.97,0.05,110.17,Low-Value / At-Risk,At Risk (180+)
TXN000106,C00017,2024-01-08,Electronics,Headphones,1,109.84,0.05,104.34,Low-Value / At-Risk,At Risk (180+)
TXN001187,C00225,2024-01-08,Clothing,Dress,1,243.81,0.0,243.81,Loyal Frequent,At Risk (180+)
TXN001331,C00252,2024-01-08,Clothing,Jeans,2,126.49,0.05,240.33,Low-Value / At-Risk,At Risk (180+)
TXN000871,C00158,2024-01-08,Sports,Running Shoes,3,213.79,0.0,641.38,Loyal Frequent,At Risk (180+)
TXN003516,C00754,2024-01-09,Home,Decor,2,311.03,0.0,622.06,High-Value Champions,Active (0-30)
TXN003309,C00697,2024-01-09,Sports,Yoga Mat,1,202.18,0.0,202.18,High-Value Champions,Active (0-30)
TXN001324,C00251,2024-01-09,Electronics,Laptop,2,134.35,0.0,268.7,High-Value Champions,Warm (31-90)
TXN000125,C00020,2024-01-09,Electronics,Tablet,1,94.14,0.0,94.14,Low-Value / At-Risk,At Risk (180+)
TXN003561,C00760,2024-01-10,Home,Lamp,2,164.74,0.1,296.53,Loyal Frequent,At Risk (180+)
TXN001980,C00391,2024-01-10,Clothing,Jeans,3,314.22,0.0,942.66,High-Value Champions,Active (0-30)
TXN001386,C00265,2024-01-10,Home,Bedding,2,86.46,0.0,172.92,Potential / Occasional,At Risk (180+)
TXN003217,C00677,2024-01-10,Home,Decor,2,96.62,0.0,193.23,High-Value Champions,Active (0-30)
TXN001291,C00249,2024-01-10,Clothing,Jacket,3,307.51,0.0,922.54,High-Value Champions,Warm (31-90)
TXN003577,C00764,2024-01-11,Sports,Yoga Mat,1,173.11,0.0,173.11,Potential / Occasional,Warm (31-90)
TXN001335,C00254,2024-01-11,Clothing,Dress,1,110.11,0.0,110.11,Potential / Occasional,Active (0-30)
TXN002023,C00399,2024-01-11,Sports,Dumbbells,1,141.54,0.0,141.54,Loyal Frequent,Active (0-30)
TXN002666,C00549,2024-01-11,Clothing,T-Shirt,2,214.9,0.05,408.31,Loyal Frequent,Cool (91-180)
TXN002515,C00520,2024-01-11,Electronics,Laptop,2,233.12,0.0,466.23,Loyal Frequent,Warm (31-90)
TXN000288,C00050,2024-01-12,Clothing,T-Shirt,1,321.59,0.2,257.27,High-Value Champions,Warm (31-90)
TXN003142,C00663,2024-01-12,Electronics,Smartwatch,1,197.03,0.0,197.03,Potential / Occasional,At Risk (180+)
TXN002934,C00612,2024-01-12,Beauty,Makeup,1,40.55,0.05,38.52,Potential / Occasional,Warm (31-90)
TXN001328,C00251,2024-01-13,Home,Decor,2,100.91,0.0,201.82,High-Value Champions,Warm (31-90)
TXN000753,C00136,2024-01-13,Clothing,Jacket,3,444.89,0.0,1334.66,Loyal Frequent,At Risk (180+)
TXN001123,C00213,2024-01-13,Beauty,Perfume,1,409.21,0.2,327.37,High-Value Champions,Active (0-30)
TXN001633,C00317,2024-01-14,Clothing,Jacket,2,204.62,0.1,368.32,Loyal Frequent,Cool (91-180)
TXN002744,C00562,2024-01-14,Home,Sofa,2,98.49,0.0,196.99,High-Value Champions,Cool (91-180)
TXN003337,C00704,2024-01-14,Electronics,Tablet,3,278.77,0.0,836.3,Loyal Frequent,Warm (31-90)
TXN001632,C00317,2024-01-15,Beauty,Skincare,3,135.39,0.1,365.55,Loyal Frequent,Cool (91-180)
TXN002831,C00583,2024-01-16,Beauty,Makeup,1,248.89,0.05,236.44,Low-Value / At-Risk,At Risk (180+)
TXN003310,C00697,2024-01-16,Electronics,Laptop,3,279.24,0.0,837.71,High-Value Champions,Active (0-30)
TXN001326,C00251,2024-01-16,Electronics,Laptop,1,196.63,0.0,196.63,High-Value Champions,Warm (31-90)
TXN001342,C00255,2024-01-16,Home,Sofa,1,41.93,0.0,41.93,Loyal Frequent,At Risk (180+)
TXN001087,C00204,2024-01-16,Beauty,Skincare,2,302.62,0.05,574.99,Loyal Frequent,At Risk (180+)
TXN000866,C00158,2024-01-16,Electronics,Laptop,1,113.46,0.15,96.44,Loyal Frequent,At Risk (180+)
TXN001167,C00219,2024-01-17,Electronics,Smartphone,2,42.85,0.05,81.42,Low-Value / At-Risk,At Risk (180+)
TXN001873,C00371,2024-01-17,Electronics,Tablet,3,228.31,0.1,616.44,High-Value Champions,Active (0-30)
TXN000319,C00053,2024-01-17,Sports,Yoga Mat,3,67.76,0.05,193.11,Loyal Frequent,At Risk (180+)
TXN002947,C00615,2024-01-20,Electronics,Tablet,1,205.42,0.0,205.42,Loyal Frequent,At Risk (180+)
TXN003174,C00670,2024-01-20,Electronics,Smartwatch,3,71.95,0.0,215.85,Low-Value / At-Risk,At Risk (180+)
TXN000016,C00005,2024-01-21,Home,Sofa,3,153.77,0.0,461.31,Loyal Frequent,At Risk (180+)
TXN000977,C00185,2024-01-21,Electronics,Tablet,1,308.01,0.1,277.21,Loyal Frequent,Cool (91-180)
TXN001446,C00280,2024-01-21,Beauty,Skincare,2,101.97,0.15,173.35,Loyal Frequent,At Risk (180+)
TXN002149,C00430,2024-01-21,Home,Lamp,1,227.9,0.05,216.5,Loyal Frequent,Active (0-30)
TXN001817,C00359,2024-01-22,Sports,Dumbbells,1,245.89,0.0,245.89,Potential / Occasional,At Risk (180+)
TXN003687,C00792,2024-01-22,Clothing,T-Shirt,2,90.48,0.05,171.92,Low-Value / At-Risk,At Risk (180+)
TXN003094,C00652,2024-01-22,Home,Bedding,2,61.79,0.0,123.57,Low-Value / At-Risk,At Risk (180+)
TXN000882,C00161,2024-01-22,Home,Lamp,2,65.3,0.05,124.07,Loyal Frequent,Cool (91-180)
TXN002232,C00454,2024-01-22,Sports,Yoga Mat,1,89.55,0.05,85.07,High-Value Champions,At Risk (180+)
TXN000921,C00167,2024-01-22,Beauty,Skincare,2,244.15,0.0,488.3,High-Value Champions,Cool (91-180)
TXN002158,C00433,2024-01-23,Clothing,Jacket,2,242.6,0.0,485.19,High-Value Champions,Warm (31-90)
TXN002829,C00583,2024-01-24,Home,Cookware,2,205.83,0.0,411.66,Low-Value / At-Risk,At Risk (180+)
TXN000178,C00035,2024-01-24,Home,Bedding,1,439.33,0.15,373.43,High-Value Champions,Active (0-30)
TXN000591,C00109,2024-01-24,Clothing,T-Shirt,1,140.92,0.0,140.92,Loyal Frequent,Active (0-30)
TXN003244,C00681,2024-01-24,Home,Cookware,3,143.23,0.0,429.7,Loyal Frequent,At Risk (180+)
TXN000744,C00134,2024-01-24,Electronics,Laptop,3,70.68,0.0,212.04,Loyal Frequent,Cool (91-180)
TXN002407,C00497,2024-01-24,Home,Decor,3,282.31,0.1,762.24,High-Value Champions,At Risk (180+)
TXN000737,C00132,2024-01-25,Beauty,Makeup,3,38.48,0.15,98.12,Low-Value / At-Risk,At Risk (180+)
TXN002961,C00621,2024-01-25,Home,Bedding,2,45.77,0.0,91.55,Low-Value / At-Risk,At Risk (180+)
TXN002603,C00542,2024-01-25,Sports,Dumbbells,2,398.92,0.0,797.84,High-Value Champions,Warm (31-90)
TXN002887,C00596,2024-01-26,Home,Bedding,1,285.54,0.05,271.26,Loyal Frequent,Warm (31-90)
TXN002364,C00485,2024-01-26,Home,Lamp,2,66.61,0.05,126.56,Loyal Frequent,At Risk (180+)
TXN002055,C00406,2024-01-26,Home,Sofa,2,402.81,0.05,765.34,Loyal Frequent,At Risk (180+)
TXN003494,C00752,2024-01-26,Clothing,T-Shirt,2,335.95,0.2,537.51,High-Value Champions,Warm (31-90)
TXN001551,C00298,2024-01-27,Sports,Bicycle,1,76.29,0.0,76.29,Potential / Occasional,At Risk (180+)
TXN002470,C00512,2024-01-27,Beauty,Haircare,3,85.28,0.15,217.46,Potential / Occasional,At Risk (180+)
TXN002600,C00541,2024-01-27,Electronics,Smartwatch,3,54.35,0.15,138.6,Loyal Frequent,At Risk (180+)
TXN001525,C00293,2024-01-27,Beauty,Makeup,3,427.27,0.0,1281.82,High-Value Champions,Warm (31-90)
TXN000821,C00147,2024-01-27,Home,Sofa,1,62.22,0.0,62.22,Loyal Frequent,At Risk (180+)
TXN001361,C00258,2024-01-27,Electronics,Laptop,1,365.83,0.0,365.83,High-Value Champions,Warm (31-90)
TXN001028,C00194,2024-01-27,Beauty,Skincare,2,225.07,0.0,450.14,Loyal Frequent,At Risk (180+)
TXN002746,C00562,2024-01-28,Clothing,Jacket,3,121.7,0.0,365.09,High-Value Champions,Cool (91-180)
TXN002681,C00551,2024-01-28,Electronics,Smartwatch,2,309.8,0.0,619.59,High-Value Champions,Warm (31-90)
TXN003526,C00755,2024-01-29,Beauty,Makeup,2,165.9,0.1,298.61,High-Value Champions,Active (0-30)
TXN001351,C00258,2024-01-29,Clothing,Sneakers,1,107.82,0.0,107.82,High-Value Champions,Warm (31-90)
TXN001051,C00197,2024-01-29,Clothing,Sneakers,1,62.13,0.0,62.13,Low-Value / At-Risk,At Risk (180+)
TXN002735,C00562,2024-01-30,Sports,Yoga Mat,1,362.42,0.0,362.42,High-Value Champions,Cool (91-180)
TXN000562,C00103,2024-01-30,Clothing,Sneakers,3,110.43,0.0,331.28,Low-Value / At-Risk,At Risk (180+)
TXN003198,C00675,2024-01-30,Beauty,Haircare,1,171.5,0.15,145.78,High-Value Champions,Cool (91-180)
TXN002099,C00419,2024-01-31,Beauty,Haircare,3,92.82,0.0,278.45,Loyal Frequent,Cool (91-180)
TXN002822,C00581,2024-01-31,Clothing,Sneakers,1,51.02,0.1,45.92,Loyal Frequent,Warm (31-90)
TXN003372,C00716,2024-01-31,Clothing,Jacket,3,27.0,0.1,72.91,Low-Value / At-Risk,At Risk (180+)
TXN002326,C00475,2024-01-31,Sports,Running Shoes,2,123.96,0.0,247.93,Potential / Occasional,At Risk (180+)
TXN000796,C00142,2024-01-31,Sports,Dumbbells,3,27.15,0.15,69.24,Potential / Occasional,At Risk (180+)
TXN002583,C00539,2024-02-01,Home,Decor,1,434.29,0.1,390.86,Loyal Frequent,At Risk (180+)
TXN003321,C00701,2024-02-01,Home,Decor,3,75.15,0.05,214.19,Low-Value / At-Risk,At Risk (180+)
TXN003315,C00698,2024-02-01,Sports,Dumbbells,3,86.69,0.0,260.07,Low-Value / At-Risk,At Risk (180+)
TXN001466,C00286,2024-02-01,Clothing,Jacket,3,328.74,0.0,986.23,High-Value Champions,Warm (31-90)
TXN001614,C00314,2024-02-01,Electronics,Headphones,2,190.49,0.05,361.94,Loyal Frequent,Active (0-30)
TXN001100,C00207,2024-02-02,Electronics,Laptop,1,105.89,0.15,90.01,Potential / Occasional,Cool (91-180)
TXN000884,C00162,2024-02-02,Home,Cookware,1,46.82,0.15,39.8,Low-Value / At-Risk,At Risk (180+)
TXN002690,C00553,2024-02-02,Sports,Bicycle,3,229.49,0.15,585.19,Loyal Frequent,Warm (31-90)
TXN001081,C00202,2024-02-02,Electronics,Smartphone,2,440.15,0.0,880.29,Loyal Frequent,Cool (91-180)
TXN000200,C00039,2024-02-02,Home,Sofa,1,203.84,0.05,193.65,Loyal Frequent,Active (0-30)
TXN002939,C00613,2024-02-02,Beauty,Perfume,3,61.83,0.15,157.66,Low-Value / At-Risk,At Risk (180+)
TXN001661,C00322,2024-02-03,Electronics,Smartphone,3,35.16,0.0,105.49,Low-Value / At-Risk,At Risk (180+)
TXN001776,C00348,2024-02-03,Beauty,Skincare,2,54.57,0.05,103.69,Potential / Occasional,Cool (91-180)
TXN000892,C00163,2024-02-03,Electronics,Headphones,2,328.66,0.1,591.59,Loyal Frequent,At Risk (180+)
TXN001451,C00281,2024-02-04,Home,Bedding,2,163.99,0.0,327.98,Loyal Frequent,Warm (31-90)
TXN000425,C00081,2024-02-04,Clothing,Sneakers,2,58.67,0.2,93.86,Potential / Occasional,Cool (91-180)
TXN002331,C00476,2024-02-04,Electronics,Smartwatch,3,99.15,0.0,297.44,Loyal Frequent,At Risk (180+)
TXN001019,C00193,2024-02-04,Beauty,Makeup,2,168.11,0.0,336.21,High-Value Champions,Warm (31-90)
TXN002362,C00485,2024-02-05,Beauty,Haircare,3,247.88,0.0,743.63,Loyal Frequent,At Risk (180+)
TXN002466,C00511,2024-02-05,Electronics,Smartwatch,3,63.16,0.05,180.0,Low-Value / At-Risk,At Risk (180+)
TXN001648,C00320,2024-02-05,Electronics,Headphones,1,258.67,0.2,206.94,Loyal Frequent,Warm (31-90)
TXN001504,C00290,2024-02-07,Clothing,Jeans,1,141.42,0.0,141.42,High-Value Champions,Warm (31-90)
TXN000574,C00106,2024-02-07,Home,Bedding,3,249.48,0.1,673.59,Loyal Frequent,Warm (31-90)
TXN000838,C00153,2024-02-07,Electronics,Laptop,1,125.72,0.05,119.43,Loyal Frequent,At Risk (180+)
TXN002009,C00397,2024-02-07,Beauty,Perfume,1,69.38,0.0,69.38,Potential / Occasional,Cool (91-180)
TXN000386,C00069,2024-02-07,Sports,Running Shoes,1,412.03,0.0,412.03,High-Value Champions,Warm (31-90)
TXN001075,C00202,2024-02-07,Home,Sofa,2,398.89,0.0,797.79,Loyal Frequent,Cool (91-180)
TXN003026,C00635,2024-02-08,Clothing,T-Shirt,2,48.36,0.2,77.37,Loyal Frequent,At Risk (180+)
TXN001032,C00194,2024-02-08,Beauty,Makeup,1,141.2,0.05,134.14,Loyal Frequent,At Risk (180+)
TXN001322,C00251,2024-02-08,Sports,Running Shoes,1,225.03,0.0,225.03,High-Value Champions,Warm (31-90)
TXN000834,C00151,2024-02-08,Home,Decor,1,238.51,0.1,214.66,Potential / Occasional,At Risk (180+)
TXN001727,C00335,2024-02-08,Home,Sofa,3,381.26,0.0,1143.77,High-Value Champions,Cool (91-180)
TXN000655,C00120,2024-02-09,Clothing,Sneakers,2,83.64,0.0,167.27,Loyal Frequent,At Risk (180+)
TXN002484,C00517,2024-02-09,Home,Decor,1,129.06,0.0,129.06,Loyal Frequent,Warm (31-90)
TXN003448,C00734,2024-02-09,Sports,Running Shoes,3,189.24,0.1,510.95,Loyal Frequent,Active (0-30)
TXN001205,C00229,2024-02-09,Clothing,Jacket,3,184.36,0.0,553.09,Potential / Occasional,Cool (91-180)
TXN003021,C00634,2024-02-10,Home,Cookware,2,234.47,0.2,375.16,Potential / Occasional,At Risk (180+)
TXN003256,C00684,2024-02-10,Clothing,Jeans,2,150.06,0.1,270.1,Potential / Occasional,Cool (91-180)
TXN000370,C00067,2024-02-10,Sports,Running Shoes,3,144.53,0.0,433.59,High-Value Champions,Warm (31-90)
TXN001410,C00271,2024-02-10,Clothing,Jeans,1,23.72,0.1,21.35,Potential / Occasional,At Risk (180+)
TXN000681,C00125,2024-02-11,Home,Decor,1,251.68,0.15,213.93,High-Value Champions,Warm (31-90)
TXN003540,C00756,2024-02-13,Home,Sofa,2,410.9,0.15,698.54,High-Value Champions,Active (0-30)
TXN001859,C00368,2024-02-14,Beauty,Skincare,1,106.77,0.0,106.77,Loyal Frequent,Warm (31-90)
TXN003072,C00644,2024-02-14,Clothing,Jeans,1,129.52,0.05,123.04,Potential / Occasional,At Risk (180+)
TXN002065,C00409,2024-02-14,Home,Bedding,3,405.65,0.2,973.56,Loyal Frequent,Cool (91-180)
TXN002633,C00545,2024-02-15,Clothing,Jacket,2,243.56,0.0,487.13,Loyal Frequent,At Risk (180+)
TXN002159,C00433,2024-02-15,Home,Bedding,2,106.35,0.0,212.69,High-Value Champions,Warm (31-90)
TXN002562,C00534,2024-02-16,Electronics,Headphones,2,124.91,0.05,237.32,Potential / Occasional,Cool (91-180)
TXN000093,C00014,2024-02-16,Electronics,Headphones,1,150.57,0.05,143.04,High-Value Champions,Active (0-30)
TXN000330,C00058,2024-02-17,Sports,Running Shoes,3,154.85,0.05,441.32,High-Value Champions,Active (0-30)
TXN000987,C00187,2024-02-18,Home,Bedding,2,51.29,0.05,97.46,Potential / Occasional,Warm (31-90)
TXN003272,C00688,2024-02-18,Clothing,T-Shirt,1,134.95,0.2,107.96,Loyal Frequent,At Risk (180+)
TXN003325,C00702,2024-02-18,Clothing,Sneakers,2,151.89,0.05,288.6,Loyal Frequent,Warm (31-90)
TXN002359,C00485,2024-02-19,Home,Lamp,2,87.84,0.0,175.68,Loyal Frequent,At Risk (180+)
TXN001649,C00320,2024-02-19,Electronics,Headphones,3,244.2,0.0,732.6,Loyal Frequent,Warm (31-90)
TXN000049,C00009,2024-02-20,Beauty,Haircare,3,67.32,0.0,201.95,Loyal Frequent,Active (0-30)
TXN000508,C00096,2024-02-20,Home,Lamp,2,169.84,0.0,339.68,Loyal Frequent,Warm (31-90)
TXN002667,C00550,2024-02-20,Beauty,Skincare,1,39.36,0.0,39.36,Low-Value / At-Risk,At Risk (180+)
TXN000117,C00019,2024-02-20,Home,Bedding,1,253.19,0.1,227.87,High-Value Champions,Cool (91-180)
TXN003085,C00649,2024-02-21,Electronics,Smartphone,1,200.52,0.05,190.5,Loyal Frequent,Warm (31-90)
TXN001298,C00249,2024-02-21,Home,Bedding,3,337.09,0.0,1011.26,High-Value Champions,Warm (31-90)
TXN002459,C00507,2024-02-21,Sports,Bicycle,3,157.82,0.0,473.46,Potential / Occasional,At Risk (180+)
TXN002654,C00548,2024-02-21,Electronics,Smartphone,1,165.26,0.05,156.99,High-Value Champions,Warm (31-90)
TXN003621,C00777,2024-02-21,Home,Cookware,3,168.54,0.05,480.35,Loyal Frequent,Active (0-30)
TXN002931,C00610,2024-02-22,Electronics,Headphones,1,91.09,0.2,72.87,Potential / Occasional,At Risk (180+)
TXN002783,C00571,2024-02-22,Clothing,Jacket,3,227.29,0.1,613.69,Loyal Frequent,Cool (91-180)
TXN002248,C00456,2024-02-22,Clothing,Jacket,1,140.86,0.1,126.77,Potential / Occasional,At Risk (180+)
TXN001930,C00384,2024-02-23,Home,Lamp,1,438.5,0.05,416.58,High-Value Champions,Warm (31-90)
TXN003488,C00749,2024-02-24,Electronics,Smartphone,3,57.74,0.0,173.23,Potential / Occasional,At Risk (180+)
TXN001929,C00384,2024-02-25,Home,Lamp,2,376.65,0.1,677.96,High-Value Champions,Warm (31-90)
TXN001453,C00282,2024-02-25,Beauty,Haircare,2,81.97,0.05,155.74,Loyal Frequent,Cool (91-180)
TXN002894,C00597,2024-02-26,Home,Bedding,3,98.3,0.0,294.9,Loyal Frequent,At Risk (180+)
TXN000701,C00128,2024-02-27,Clothing,Jacket,2,270.19,0.0,540.38,Loyal Frequent,Active (0-30)
TXN000934,C00171,2024-02-27,Clothing,Dress,3,18.41,0.0,55.23,Potential / Occasional,At Risk (180+)
TXN000154,C00027,2024-02-28,Clothing,T-Shirt,2,162.56,0.05,308.86,Potential / Occasional,At Risk (180+)
TXN001135,C00214,2024-02-28,Electronics,Smartphone,2,202.68,0.15,344.56,Potential / Occasional,Warm (31-90)
TXN000949,C00178,2024-02-28,Electronics,Tablet,3,128.33,0.0,385.0,Loyal Frequent,Cool (91-180)
TXN001049,C00196,2024-02-28,Home,Decor,2,77.09,0.0,154.18,Potential / Occasional,Cool (91-180)
TXN000088,C00014,2024-02-29,Home,Cookware,3,259.28,0.1,700.05,High-Value Champions,Active (0-30)
TXN003599,C00773,2024-02-29,Electronics,Smartwatch,2,66.44,0.0,132.88,Potential / Occasional,At Risk (180+)
TXN002715,C00555,2024-02-29,Sports,Bicycle,3,108.49,0.0,325.48,Potential / Occasional,At Risk (180+)
TXN001612,C00314,2024-03-01,Electronics,Smartwatch,3,144.12,0.0,432.37,Loyal Frequent,Active (0-30)
TXN003122,C00658,2024-03-01,Home,Sofa,3,238.3,0.2,571.91,Loyal Frequent,Cool (91-180)
TXN001954,C00387,2024-03-02,Sports,Yoga Mat,2,303.23,0.15,515.49,High-Value Champions,Warm (31-90)
TXN002047,C00405,2024-03-02,Electronics,Laptop,2,98.65,0.2,157.83,Potential / Occasional,At Risk (180+)
TXN002051,C00406,2024-03-02,Clothing,Sneakers,1,256.81,0.1,231.13,Loyal Frequent,At Risk (180+)
TXN001186,C00225,2024-03-02,Sports,Dumbbells,2,446.06,0.05,847.51,Loyal Frequent,At Risk (180+)
TXN000187,C00038,2024-03-02,Sports,Bicycle,3,438.41,0.2,1052.18,High-Value Champions,Active (0-30)
TXN002076,C00413,2024-03-02,Clothing,Jacket,1,59.45,0.2,47.56,Potential / Occasional,At Risk (180+)
TXN003665,C00787,2024-03-02,Beauty,Makeup,1,396.14,0.1,356.52,Loyal Frequent,Active (0-30)
TXN001179,C00223,2024-03-03,Home,Cookware,2,174.98,0.2,279.97,Loyal Frequent,Cool (91-180)
TXN002611,C00542,2024-03-03,Home,Lamp,1,129.36,0.0,129.36,High-Value Champions,Warm (31-90)
TXN000794,C00141,2024-03-03,Electronics,Smartphone,1,18.31,0.05,17.39,Potential / Occasional,At Risk (180+)
TXN000879,C00161,2024-03-03,Clothing,Sneakers,3,137.4,0.0,412.2,Loyal Frequent,Cool (91-180)
TXN002167,C00435,2024-03-03,Electronics,Headphones,3,152.31,0.0,456.92,High-Value Champions,Cool (91-180)
TXN001309,C00249,2024-03-03,Electronics,Laptop,1,97.18,0.0,97.18,High-Value Champions,Warm (31-90)
TXN003435,C00730,2024-03-04,Electronics,Tablet,1,57.02,0.0,57.02,Potential / Occasional,Warm (31-90)
TXN001969,C00389,2024-03-04,Clothing,Dress,3,112.41,0.0,337.22,Potential / Occasional,At Risk (180+)
TXN003667,C00787,2024-03-04,Beauty,Haircare,2,216.81,0.0,433.62,Loyal Frequent,Active (0-30)
TXN000358,C00063,2024-03-04,Beauty,Skincare,1,230.48,0.0,230.48,Potential / Occasional,At Risk (180+)
TXN000627,C00116,2024-03-05,Sports,Yoga Mat,1,206.57,0.0,206.57,High-Value Champions,Warm (31-90)
TXN002027,C00400,2024-03-05,Home,Decor,3,176.01,0.1,475.23,Loyal Frequent,Cool (91-180)
TXN001156,C00215,2024-03-05,Clothing,Jacket,1,289.33,0.0,289.33,High-Value Champions,Active (0-30)
TXN000219,C00040,2024-03-06,Clothing,Jeans,3,98.71,0.15,251.7,High-Value Champions,Warm (31-90)
TXN003429,C00728,2024-03-06,Clothing,T-Shirt,2,163.44,0.15,277.84,Loyal Frequent,Warm (31-90)
TXN003570,C00762,2024-03-07,Clothing,T-Shirt,1,233.2,0.05,221.54,Potential / Occasional,Warm (31-90)
TXN002675,C00551,2024-03-07,Beauty,Perfume,1,397.89,0.05,378.0,High-Value Champions,Warm (31-90)
TXN001231,C00236,2024-03-07,Sports,Bicycle,3,110.59,0.15,282.01,Loyal Frequent,At Risk (180+)
TXN003275,C00688,2024-03-08,Clothing,Dress,1,108.69,0.05,103.26,Loyal Frequent,At Risk (180+)
TXN001327,C00251,2024-03-08,Home,Cookware,3,267.39,0.0,802.17,High-Value Champions,Warm (31-90)
TXN002691,C00553,2024-03-09,Electronics,Smartwatch,1,442.81,0.05,420.67,Loyal Frequent,Warm (31-90)
TXN001963,C00388,2024-03-09,Sports,Bicycle,2,42.96,0.05,81.62,Potential / Occasional,At Risk (180+)
TXN003716,C00798,2024-03-09,Home,Cookware,2,59.51,0.0,119.02,Loyal Frequent,At Risk (180+)
TXN003061,C00640,2024-03-09,Clothing,Dress,1,123.15,0.0,123.15,Potential / Occasional,At Risk (180+)
TXN001244,C00240,2024-03-09,Electronics,Laptop,1,185.54,0.1,166.99,Loyal Frequent,At Risk (180+)
TXN002183,C00438,2024-03-09,Electronics,Headphones,2,36.24,0.0,72.48,Potential / Occasional,At Risk (180+)
TXN001006,C00190,2024-03-10,Home,Sofa,2,258.45,0.05,491.05,Loyal Frequent,Warm (31-90)
TXN000269,C00046,2024-03-10,Beauty,Makeup,3,218.74,0.1,590.6,Potential / Occasional,At Risk (180+)
TXN001343,C00256,2024-03-10,Clothing,Jacket,2,34.21,0.0,68.42,Potential / Occasional,At Risk (180+)
TXN003417,C00727,2024-03-10,Home,Sofa,1,165.56,0.05,157.28,Loyal Frequent,Cool (91-180)
TXN001836,C00362,2024-03-11,Home,Decor,1,132.23,0.1,119.01,Loyal Frequent,At Risk (180+)
TXN001009,C00191,2024-03-12,Sports,Running Shoes,1,218.76,0.15,185.95,Potential / Occasional,At Risk (180+)
TXN001825,C00361,2024-03-12,Clothing,Jacket,2,108.96,0.0,217.92,High-Value Champions,Warm (31-90)
TXN002517,C00521,2024-03-12,Home,Sofa,2,92.11,0.0,184.22,Potential / Occasional,At Risk (180+)
TXN002120,C00425,2024-03-12,Electronics,Smartwatch,3,44.2,0.2,106.09,Potential / Occasional,Warm (31-90)
TXN003053,C00638,2024-03-13,Beauty,Haircare,2,448.34,0.0,896.68,High-Value Champions,Warm (31-90)
TXN002408,C00497,2024-03-14,Clothing,Dress,2,117.73,0.0,235.46,High-Value Champions,At Risk (180+)
TXN003564,C00760,2024-03-14,Beauty,Makeup,3,282.26,0.05,804.44,Loyal Frequent,At Risk (180+)
TXN003459,C00737,2024-03-14,Home,Sofa,1,157.52,0.0,157.52,Potential / Occasional,At Risk (180+)
TXN001173,C00221,2024-03-14,Electronics,Laptop,3,27.94,0.0,83.83,Potential / Occasional,At Risk (180+)
TXN000070,C00011,2024-03-15,Beauty,Makeup,2,388.5,0.15,660.46,High-Value Champions,Warm (31-90)
TXN000471,C00088,2024-03-16,Home,Bedding,2,221.2,0.0,442.4,High-Value Champions,Warm (31-90)
TXN002997,C00628,2024-03-16,Clothing,Jacket,2,166.96,0.2,267.14,High-Value Champions,Cool (91-180)
TXN003098,C00653,2024-03-16,Clothing,Sneakers,2,105.05,0.0,210.11,Loyal Frequent,Warm (31-90)
TXN003532,C00755,2024-03-17,Sports,Dumbbells,2,425.97,0.0,851.93,High-Value Champions,Active (0-30)
TXN001691,C00329,2024-03-17,Beauty,Makeup,3,114.14,0.0,342.43,Potential / Occasional,Warm (31-90)
TXN001815,C00358,2024-03-17,Sports,Dumbbells,3,37.03,0.2,88.86,Potential / Occasional,At Risk (180+)
TXN003332,C00704,2024-03-17,Sports,Dumbbells,1,195.23,0.0,195.23,Loyal Frequent,Warm (31-90)
TXN000025,C00006,2024-03-17,Electronics,Headphones,1,182.27,0.0,182.27,Loyal Frequent,Active (0-30)
TXN000979,C00185,2024-03-18,Electronics,Smartphone,1,277.39,0.15,235.78,Loyal Frequent,Cool (91-180)
TXN003336,C00704,2024-03-18,Sports,Running Shoes,1,299.59,0.0,299.59,Loyal Frequent,Warm (31-90)
TXN000198,C00038,2024-03-19,Home,Cookware,2,158.03,0.1,284.45,High-Value Champions,Active (0-30)
TXN000754,C00136,2024-03-19,Home,Lamp,3,323.44,0.05,921.81,Loyal Frequent,At Risk (180+)
TXN002388,C00493,2024-03-20,Clothing,Jacket,1,78.36,0.2,62.69,Loyal Frequent,Warm (31-90)
TXN000497,C00094,2024-03-20,Electronics,Smartphone,1,284.82,0.0,284.82,Loyal Frequent,Cool (91-180)
TXN000504,C00094,2024-03-21,Sports,Running Shoes,2,121.75,0.0,243.5,Loyal Frequent,Cool (91-180)
TXN003173,C00669,2024-03-21,Beauty,Skincare,1,22.31,0.05,21.19,Potential / Occasional,At Risk (180+)
TXN000197,C00038,2024-03-21,Electronics,Headphones,3,441.99,0.0,1325.97,High-Value Champions,Active (0-30)
TXN001819,C00359,2024-03-22,Home,Sofa,1,154.35,0.0,154.35,Potential / Occasional,At Risk (180+)
TXN001522,C00293,2024-03-23,Electronics,Smartphone,1,171.74,0.0,171.74,High-Value Champions,Warm (31-90)
TXN000347,C00059,2024-03-23,Sports,Dumbbells,3,64.88,0.1,175.19,Potential / Occasional,At Risk (180+)
TXN001792,C00351,2024-03-23,Home,Cookware,3,83.01,0.05,236.59,High-Value Champions,Cool (91-180)
TXN002574,C00537,2024-03-23,Home,Cookware,3,51.27,0.0,153.81,Potential / Occasional,At Risk (180+)
TXN000362,C00065,2024-03-23,Electronics,Smartwatch,3,38.58,0.1,104.17,Potential / Occasional,Active (0-30)
TXN003661,C00786,2024-03-23,Home,Sofa,1,162.65,0.1,146.38,Loyal Frequent,Active (0-30)
TXN002588,C00539,2024-03-24,Sports,Yoga Mat,1,207.21,0.0,207.21,Loyal Frequent,At Risk (180+)
TXN001196,C00227,2024-03-24,Sports,Yoga Mat,1,48.86,0.0,48.86,Potential / Occasional,At Risk (180+)
TXN002556,C00533,2024-03-24,Electronics,Smartphone,3,147.07,0.0,441.22,Loyal Frequent,At Risk (180+)
TXN001249,C00240,2024-03-25,Electronics,Smartphone,1,134.99,0.1,121.49,Loyal Frequent,At Risk (180+)
TXN002492,C00518,2024-03-25,Electronics,Smartwatch,3,205.69,0.0,617.08,High-Value Champions,Cool (91-180)
TXN003065,C00642,2024-03-25,Clothing,T-Shirt,1,103.46,0.05,98.28,Potential / Occasional,At Risk (180+)
TXN000637,C00116,2024-03-26,Home,Cookware,2,352.5,0.0,704.99,High-Value Champions,Warm (31-90)
TXN001384,C00265,2024-03-26,Beauty,Makeup,2,212.43,0.05,403.61,Potential / Occasional,At Risk (180+)
TXN001688,C00328,2024-03-26,Home,Bedding,2,282.44,0.1,508.39,High-Value Champions,Cool (91-180)
TXN000878,C00160,2024-03-26,Electronics,Smartwatch,1,79.38,0.1,71.44,Potential / Occasional,Active (0-30)
TXN001457,C00282,2024-03-26,Clothing,Sneakers,3,173.17,0.05,493.54,Loyal Frequent,Cool (91-180)
TXN002016,C00399,2024-03-26,Beauty,Makeup,1,250.54,0.2,200.43,Loyal Frequent,Active (0-30)
TXN002652,C00548,2024-03-27,Home,Lamp,1,325.48,0.1,292.93,High-Value Champions,Warm (31-90)
TXN003135,C00661,2024-03-28,Clothing,Jacket,3,108.59,0.0,325.77,Potential / Occasional,At Risk (180+)
TXN001669,C00327,2024-03-28,Clothing,T-Shirt,3,269.66,0.0,808.97,Loyal Frequent,Warm (31-90)
TXN000488,C00090,2024-03-28,Electronics,Smartphone,2,242.82,0.1,437.08,Loyal Frequent,Cool (91-180)
TXN002446,C00506,2024-03-29,Beauty,Perfume,2,108.5,0.0,217.0,Loyal Frequent,At Risk (180+)
TXN000162,C00032,2024-03-29,Sports,Running Shoes,3,84.17,0.0,252.5,Potential / Occasional,Warm (31-90)
TXN000808,C00146,2024-03-29,Sports,Bicycle,3,398.18,0.05,1134.81,Loyal Frequent,At Risk (180+)
TXN003103,C00654,2024-03-29,Beauty,Perfume,1,24.11,0.1,21.7,Potential / Occasional,At Risk (180+)
TXN002714,C00555,2024-03-29,Beauty,Makeup,1,78.38,0.15,66.63,Potential / Occasional,At Risk (180+)
TXN001030,C00194,2024-03-29,Beauty,Skincare,2,100.32,0.0,200.65,Loyal Frequent,At Risk (180+)
TXN002150,C00431,2024-03-30,Sports,Running Shoes,2,71.8,0.1,129.24,Potential / Occasional,At Risk (180+)
TXN000604,C00112,2024-03-30,Home,Bedding,2,304.18,0.0,608.36,Loyal Frequent,Active (0-30)
TXN002006,C00396,2024-03-30,Beauty,Haircare,2,100.1,0.0,200.2,Potential / Occasional,At Risk (180+)
TXN001193,C00227,2024-03-30,Beauty,Skincare,3,177.39,0.0,532.17,Potential / Occasional,At Risk (180+)
TXN001272,C00245,2024-03-30,Home,Bedding,1,316.26,0.15,268.82,Loyal Frequent,Active (0-30)
TXN001484,C00287,2024-03-31,Beauty,Makeup,3,214.31,0.1,578.63,Loyal Frequent,At Risk (180+)
TXN003357,C00709,2024-03-31,Clothing,Sneakers,2,44.26,0.0,88.51,Potential / Occasional,At Risk (180+)
TXN000007,C00003,2024-03-31,Clothing,Jacket,2,96.53,0.1,173.76,Potential / Occasional,At Risk (180+)
TXN003682,C00791,2024-03-31,Electronics,Laptop,1,99.06,0.15,84.2,Loyal Frequent,At Risk (180+)
TXN001665,C00324,2024-04-01,Clothing,Sneakers,1,23.36,0.05,22.19,Potential / Occasional,At Risk (180+)
TXN003060,C00640,2024-04-01,Electronics,Headphones,2,47.69,0.0,95.39,Potential / Occasional,At Risk (180+)
TXN001301,C00249,2024-04-01,Clothing,Jacket,3,295.29,0.2,708.7,High-Value Champions,Warm (31-90)
TXN002118,C00425,2024-04-02,Beauty,Makeup,3,131.43,0.05,374.58,Potential / Occasional,Warm (31-90)
TXN001437,C00279,2024-04-03,Sports,Dumbbells,3,248.11,0.0,744.32,Loyal Frequent,Warm (31-90)
TXN000017,C00005,2024-04-04,Sports,Running Shoes,2,246.16,0.0,492.32,Loyal Frequent,At Risk (180+)
TXN001091,C00204,2024-04-04,Home,Sofa,3,192.19,0.0,576.56,Loyal Frequent,At Risk (180+)
TXN000486,C00090,2024-04-04,Sports,Yoga Mat,1,41.27,0.0,41.27,Loyal Frequent,Cool (91-180)
TXN000092,C00014,2024-04-04,Electronics,Smartphone,1,344.62,0.0,344.62,High-Value Champions,Active (0-30)
TXN000764,C00137,2024-04-04,Sports,Dumbbells,3,434.86,0.15,1108.9,High-Value Champions,Warm (31-90)
TXN001076,C00202,2024-04-05,Sports,Bicycle,3,127.64,0.0,382.92,Loyal Frequent,Cool (91-180)
TXN000713,C00130,2024-04-05,Beauty,Makeup,3,340.21,0.1,918.57,High-Value Champions,Warm (31-90)
TXN002594,C00540,2024-04-05,Beauty,Makeup,3,131.85,0.1,356.0,Loyal Frequent,Warm (31-90)
TXN001212,C00230,2024-04-05,Sports,Bicycle,1,203.11,0.05,192.96,Loyal Frequent,Cool (91-180)
TXN000444,C00084,2024-04-05,Clothing,Jacket,3,93.95,0.0,281.84,Loyal Frequent,At Risk (180+)
TXN002992,C00628,2024-04-05,Clothing,Sneakers,3,345.79,0.15,881.76,High-Value Champions,Cool (91-180)
TXN003017,C00633,2024-04-05,Electronics,Headphones,3,36.19,0.15,92.28,Potential / Occasional,At Risk (180+)
TXN000109,C00018,2024-04-06,Clothing,T-Shirt,3,217.48,0.0,652.43,Potential / Occasional,At Risk (180+)
TXN001059,C00199,2024-04-06,Clothing,Sneakers,2,240.83,0.0,481.66,High-Value Champions,Warm (31-90)
TXN003351,C00707,2024-04-06,Electronics,Tablet,2,29.76,0.0,59.53,Potential / Occasional,At Risk (180+)
TXN003056,C00639,2024-04-06,Home,Lamp,3,20.45,0.0,61.35,Potential / Occasional,At Risk (180+)
TXN000042,C00007,2024-04-07,Home,Bedding,2,94.42,0.1,169.96,High-Value Champions,Active (0-30)
TXN002444,C00505,2024-04-07,Electronics,Tablet,1,105.13,0.15,89.36,Potential / Occasional,At Risk (180+)
TXN002160,C00433,2024-04-07,Sports,Dumbbells,2,348.4,0.0,696.8,High-Value Champions,Warm (31-90)
TXN000833,C00151,2024-04-08,Clothing,Sneakers,2,89.89,0.0,179.78,Potential / Occasional,At Risk (180+)
TXN001658,C00321,2024-04-09,Home,Lamp,2,213.06,0.05,404.81,Potential / Occasional,At Risk (180+)
TXN000227,C00043,2024-04-09,Beauty,Skincare,2,441.13,0.0,882.26,High-Value Champions,Warm (31-90)
TXN003076,C00646,2024-04-09,Beauty,Perfume,3,68.63,0.0,205.9,Potential / Occasional,At Risk (180+)
TXN000095,C00014,2024-04-10,Clothing,Jeans,1,126.75,0.2,101.4,High-Value Champions,Active (0-30)
TXN000818,C00147,2024-04-10,Electronics,Smartwatch,1,97.57,0.1,87.82,Loyal Frequent,At Risk (180+)
TXN000498,C00094,2024-04-10,Sports,Yoga Mat,1,348.29,0.1,313.46,Loyal Frequent,Cool (91-180)
TXN001164,C00218,2024-04-11,Clothing,Dress,2,17.36,0.05,32.98,Potential / Occasional,Warm (31-90)
TXN001886,C00373,2024-04-11,Home,Cookware,3,206.42,0.05,588.29,Potential / Occasional,Warm (31-90)
TXN001317,C00251,2024-04-12,Electronics,Tablet,1,190.46,0.0,190.46,High-Value Champions,Warm (31-90)
TXN002945,C00615,2024-04-12,Beauty,Perfume,1,95.98,0.05,91.18,Loyal Frequent,At Risk (180+)
TXN001266,C00244,2024-04-12,Clothing,Dress,1,446.38,0.0,446.38,High-Value Champions,Cool (91-180)
TXN000064,C00011,2024-04-12,Home,Bedding,1,315.3,0.0,315.3,High-Value Champions,Warm (31-90)
TXN001414,C00272,2024-04-13,Clothing,Jeans,2,80.8,0.0,161.6,Potential / Occasional,At Risk (180+)
TXN001716,C00333,2024-04-13,Sports,Dumbbells,2,370.27,0.0,740.53,High-Value Champions,Active (0-30)
TXN000710,C00129,2024-04-13,Beauty,Haircare,1,182.0,0.05,172.9,Potential / Occasional,At Risk (180+)
TXN002048,C00405,2024-04-13,Beauty,Haircare,1,189.83,0.15,161.35,Potential / Occasional,At Risk (180+)
TXN002994,C00628,2024-04-14,Sports,Bicycle,2,448.21,0.05,851.61,High-Value Champions,Cool (91-180)
TXN000874,C00159,2024-04-14,Beauty,Makeup,3,67.62,0.0,202.87,Potential / Occasional,Cool (91-180)
TXN002555,C00533,2024-04-14,Electronics,Headphones,2,176.58,0.1,317.84,Loyal Frequent,At Risk (180+)
TXN002369,C00486,2024-04-15,Sports,Running Shoes,2,60.89,0.0,121.79,Potential / Occasional,Cool (91-180)
TXN001372,C00263,2024-04-15,Clothing,Dress,1,412.22,0.0,412.22,Loyal Frequent,Cool (91-180)
TXN002951,C00617,2024-04-15,Beauty,Haircare,2,190.08,0.1,342.15,Potential / Occasional,Cool (91-180)
TXN002081,C00414,2024-04-15,Beauty,Haircare,1,236.98,0.05,225.13,Loyal Frequent,Cool (91-180)
TXN002148,C00430,2024-04-16,Electronics,Headphones,3,122.41,0.1,330.52,Loyal Frequent,Active (0-30)
TXN000271,C00047,2024-04-16,Home,Decor,1,121.63,0.0,121.63,Loyal Frequent,Warm (31-90)
TXN003515,C00754,2024-04-16,Beauty,Skincare,1,81.49,0.0,81.49,High-Value Champions,Active (0-30)
TXN002292,C00468,2024-04-17,Beauty,Makeup,1,237.81,0.0,237.81,Loyal Frequent,Warm (31-90)
TXN000691,C00126,2024-04-17,Clothing,Dress,3,110.96,0.0,332.87,Potential / Occasional,At Risk (180+)
TXN001132,C00213,2024-04-18,Clothing,Sneakers,2,417.29,0.05,792.85,High-Value Champions,Active (0-30)
TXN002863,C00590,2024-04-18,Home,Cookware,2,19.56,0.15,33.25,Potential / Occasional,Warm (31-90)
TXN002495,C00518,2024-04-18,Home,Decor,1,297.81,0.1,268.03,High-Value Champions,Cool (91-180)
TXN000995,C00188,2024-04-18,Clothing,Jeans,2,198.61,0.1,357.5,Loyal Frequent,Cool (91-180)
TXN002035,C00401,2024-04-18,Beauty,Haircare,1,270.36,0.15,229.8,Loyal Frequent,Warm (31-90)
TXN000704,C00128,2024-04-18,Electronics,Smartwatch,1,297.49,0.0,297.49,Loyal Frequent,Active (0-30)
TXN000664,C00122,2024-04-18,Electronics,Tablet,2,102.25,0.0,204.51,Potential / Occasional,At Risk (180+)
TXN000662,C00122,2024-04-18,Home,Cookware,2,76.57,0.05,145.49,Potential / Occasional,At Risk (180+)
TXN002133,C00427,2024-04-19,Home,Decor,2,151.67,0.15,257.84,High-Value Champions,Warm (31-90)
TXN000357,C00063,2024-04-19,Home,Sofa,3,73.33,0.05,209.0,Potential / Occasional,At Risk (180+)
TXN000711,C00129,2024-04-21,Home,Lamp,1,147.7,0.0,147.7,Potential / Occasional,At Risk (180+)
TXN002078,C00414,2024-04-22,Home,Cookware,3,72.15,0.05,205.64,Loyal Frequent,Cool (91-180)
TXN000021,C00006,2024-04-22,Sports,Running Shoes,3,177.91,0.15,453.68,Loyal Frequent,Active (0-30)
TXN000413,C00077,2024-04-22,Electronics,Laptop,1,86.05,0.0,86.05,Potential / Occasional,Active (0-30)
TXN000906,C00166,2024-04-22,Home,Sofa,2,338.21,0.1,608.78,High-Value Champions,Active (0-30)
TXN000247,C00044,2024-04-24,Clothing,Sneakers,2,324.62,0.0,649.24,High-Value Champions,Cool (91-180)
TXN000561,C00102,2024-04-24,Beauty,Skincare,2,180.47,0.0,360.95,High-Value Champions,Warm (31-90)
TXN000718,C00130,2024-04-24,Clothing,Dress,3,158.33,0.15,403.75,High-Value Champions,Warm (31-90)
TXN003287,C00691,2024-04-24,Home,Lamp,2,36.28,0.0,72.56,Potential / Occasional,At Risk (180+)
TXN003012,C00631,2024-04-26,Beauty,Perfume,3,248.0,0.05,706.81,Loyal Frequent,Warm (31-90)
TXN002103,C00421,2024-04-26,Sports,Dumbbells,2,68.5,0.05,130.14,Potential / Occasional,At Risk (180+)
TXN001756,C00343,2024-04-26,Home,Cookware,1,180.38,0.15,153.33,Loyal Frequent,Cool (91-180)
TXN001405,C00270,2024-04-26,Sports,Running Shoes,2,277.16,0.0,554.33,High-Value Champions,Warm (31-90)
TXN002254,C00458,2024-04-26,Sports,Dumbbells,1,137.92,0.15,117.24,Potential / Occasional,Cool (91-180)
TXN002794,C00574,2024-04-27,Home,Sofa,2,94.29,0.15,160.29,Potential / Occasional,Cool (91-180)
TXN000460,C00086,2024-04-27,Home,Decor,2,64.27,0.05,122.11,Loyal Frequent,Warm (31-90)
TXN000577,C00106,2024-04-27,Home,Cookware,1,190.71,0.0,190.71,Loyal Frequent,Warm (31-90)
TXN000259,C00045,2024-04-27,Clothing,Dress,1,248.83,0.0,248.83,Loyal Frequent,Cool (91-180)
TXN002471,C00512,2024-04-27,Beauty,Haircare,3,210.14,0.0,630.43,Potential / Occasional,At Risk (180+)
TXN002476,C00514,2024-04-27,Clothing,Jacket,2,26.59,0.0,53.17,Potential / Occasional,Cool (91-180)
TXN001843,C00363,2024-04-28,Electronics,Smartphone,3,188.65,0.0,565.95,Loyal Frequent,Cool (91-180)
TXN003602,C00774,2024-04-28,Beauty,Perfume,1,150.67,0.1,135.6,Loyal Frequent,Warm (31-90)
TXN001489,C00287,2024-04-28,Electronics,Laptop,2,169.85,0.0,339.71,Loyal Frequent,At Risk (180+)
TXN001532,C00294,2024-04-29,Clothing,T-Shirt,3,95.34,0.1,257.41,Loyal Frequent,Warm (31-90)
TXN002561,C00533,2024-04-29,Electronics,Smartwatch,2,54.34,0.0,108.67,Loyal Frequent,At Risk (180+)
TXN002808,C00577,2024-05-01,Sports,Dumbbells,1,126.36,0.0,126.36,Loyal Frequent,At Risk (180+)
TXN000940,C00175,2024-05-01,Beauty,Skincare,1,187.49,0.05,178.11,Potential / Occasional,Warm (31-90)
TXN001073,C00201,2024-05-01,Electronics,Tablet,3,224.35,0.0,673.04,Potential / Occasional,Cool (91-180)
TXN002540,C00526,2024-05-01,Electronics,Tablet,1,56.81,0.1,51.13,Loyal Frequent,Active (0-30)
TXN000276,C00048,2024-05-01,Sports,Yoga Mat,1,86.63,0.05,82.3,Potential / Occasional,At Risk (180+)
TXN001946,C00387,2024-05-01,Electronics,Tablet,3,374.95,0.1,1012.36,High-Value Champions,Warm (31-90)
TXN000898,C00164,2024-05-02,Sports,Yoga Mat,2,57.72,0.05,109.66,Potential / Occasional,Cool (91-180)
TXN000534,C00100,2024-05-03,Electronics,Laptop,2,157.22,0.0,314.43,Potential / Occasional,At Risk (180+)
TXN002990,C00628,2024-05-03,Clothing,Dress,3,196.98,0.1,531.83,High-Value Champions,Cool (91-180)
TXN003346,C00705,2024-05-03,Electronics,Tablet,1,409.22,0.0,409.22,Loyal Frequent,Warm (31-90)
TXN001256,C00243,2024-05-03,Electronics,Laptop,2,75.23,0.05,142.94,Potential / Occasional,At Risk (180+)
TXN001696,C00330,2024-05-04,Sports,Running Shoes,1,196.63,0.0,196.63,Loyal Frequent,Cool (91-180)
TXN002223,C00451,2024-05-04,Home,Sofa,1,58.52,0.0,58.52,Potential / Occasional,At Risk (180+)
TXN002298,C00468,2024-05-04,Electronics,Headphones,3,108.2,0.1,292.13,Loyal Frequent,Warm (31-90)
TXN001706,C00333,2024-05-05,Clothing,T-Shirt,3,303.04,0.05,863.66,High-Value Champions,Active (0-30)
TXN000063,C00011,2024-05-06,Clothing,Jacket,2,320.0,0.05,607.99,High-Value Champions,Warm (31-90)
TXN002172,C00435,2024-05-06,Sports,Running Shoes,1,396.93,0.1,357.24,High-Value Champions,Cool (91-180)
TXN001709,C00333,2024-05-07,Home,Bedding,1,342.63,0.0,342.63,High-Value Champions,Active (0-30)
TXN000029,C00007,2024-05-07,Home,Lamp,1,408.98,0.05,388.53,High-Value Champions,Active (0-30)
TXN003676,C00789,2024-05-07,Electronics,Smartphone,1,17.68,0.0,17.68,Potential / Occasional,At Risk (180+)
TXN003383,C00720,2024-05-07,Beauty,Perfume,3,72.11,0.15,183.88,Potential / Occasional,At Risk (180+)
TXN001609,C00313,2024-05-07,Beauty,Makeup,2,63.32,0.1,113.98,Loyal Frequent,At Risk (180+)
TXN000795,C00142,2024-05-07,Beauty,Skincare,2,109.4,0.1,196.92,Potential / Occasional,At Risk (180+)
TXN003155,C00666,2024-05-07,Clothing,Jeans,2,123.75,0.0,247.5,High-Value Champions,Warm (31-90)
TXN003618,C00777,2024-05-08,Sports,Yoga Mat,2,139.73,0.0,279.47,Loyal Frequent,Active (0-30)
TXN000048,C00009,2024-05-08,Electronics,Tablet,3,90.71,0.0,272.14,Loyal Frequent,Active (0-30)
TXN002788,C00572,2024-05-08,Clothing,Dress,2,177.27,0.0,354.55,Potential / Occasional,Cool (91-180)
TXN003713,C00798,2024-05-08,Sports,Running Shoes,1,131.25,0.0,131.25,Loyal Frequent,At Risk (180+)
TXN003035,C00636,2024-05-08,Sports,Bicycle,2,57.78,0.0,115.56,Loyal Frequent,At Risk (180+)
TXN000828,C00149,2024-05-08,Electronics,Tablet,1,96.73,0.0,96.73,Potential / Occasional,At Risk (180+)
TXN001142,C00215,2024-05-09,Sports,Yoga Mat,1,182.09,0.0,182.09,High-Value Champions,Active (0-30)
TXN003300,C00696,2024-05-09,Electronics,Tablet,1,180.09,0.0,180.09,Loyal Frequent,At Risk (180+)
TXN003598,C00773,2024-05-10,Beauty,Perfume,1,52.87,0.0,52.87,Potential / Occasional,At Risk (180+)
TXN002926,C00608,2024-05-10,Sports,Dumbbells,2,111.73,0.0,223.46,Potential / Occasional,At Risk (180+)
TXN003000,C00629,2024-05-10,Home,Decor,1,79.21,0.15,67.33,Loyal Frequent,At Risk (180+)
TXN000924,C00167,2024-05-10,Electronics,Smartwatch,2,428.06,0.0,856.11,High-Value Champions,Cool (91-180)
TXN003063,C00641,2024-05-11,Home,Cookware,3,104.22,0.0,312.67,Potential / Occasional,At Risk (180+)
TXN001044,C00195,2024-05-11,Electronics,Laptop,2,356.65,0.1,641.97,High-Value Champions,Warm (31-90)
TXN002457,C00507,2024-05-11,Beauty,Perfume,2,173.57,0.0,347.14,Potential / Occasional,At Risk (180+)
TXN001613,C00314,2024-05-13,Sports,Bicycle,1,111.72,0.05,106.13,Loyal Frequent,Active (0-30)
TXN002208,C00446,2024-05-13,Sports,Dumbbells,3,68.63,0.05,195.6,Potential / Occasional,At Risk (180+)
TXN000297,C00050,2024-05-14,Clothing,T-Shirt,2,267.19,0.0,534.39,High-Value Champions,Warm (31-90)
TXN000999,C00190,2024-05-14,Beauty,Skincare,1,319.16,0.0,319.16,Loyal Frequent,Warm (31-90)
TXN002265,C00459,2024-05-14,Home,Lamp,1,88.54,0.05,84.11,Loyal Frequent,Warm (31-90)
TXN002449,C00506,2024-05-15,Beauty,Skincare,1,214.79,0.0,214.79,Loyal Frequent,At Risk (180+)
TXN003259,C00685,2024-05-16,Electronics,Smartphone,1,118.59,0.0,118.59,Potential / Occasional,At Risk (180+)
TXN002129,C00427,2024-05-16,Home,Decor,3,376.99,0.0,1130.97,High-Value Champions,Warm (31-90)
TXN001896,C00377,2024-05-17,Clothing,Jeans,1,116.7,0.05,110.87,Loyal Frequent,Cool (91-180)
TXN003707,C00797,2024-05-17,Home,Cookware,2,210.07,0.0,420.15,Loyal Frequent,Active (0-30)
TXN003496,C00752,2024-05-17,Beauty,Skincare,1,164.48,0.15,139.81,High-Value Champions,Warm (31-90)
TXN003311,C00697,2024-05-17,Sports,Yoga Mat,3,320.03,0.0,960.08,High-Value Champions,Active (0-30)
TXN000499,C00094,2024-05-17,Home,Lamp,3,428.17,0.0,1284.5,Loyal Frequent,Cool (91-180)
TXN001882,C00372,2024-05-17,Beauty,Makeup,3,29.53,0.1,79.73,Potential / Occasional,At Risk (180+)
TXN000500,C00094,2024-05-17,Clothing,Jacket,1,377.89,0.1,340.1,Loyal Frequent,Cool (91-180)
TXN002734,C00561,2024-05-18,Clothing,T-Shirt,2,105.65,0.1,190.16,Potential / Occasional,At Risk (180+)
TXN001878,C00371,2024-05-18,Clothing,T-Shirt,3,86.45,0.0,259.35,High-Value Champions,Active (0-30)
TXN000965,C00183,2024-05-18,Beauty,Skincare,3,162.99,0.1,440.07,Loyal Frequent,At Risk (180+)
TXN001498,C00290,2024-05-19,Sports,Dumbbells,1,212.39,0.15,180.53,High-Value Champions,Warm (31-90)
TXN000985,C00187,2024-05-19,Sports,Bicycle,2,57.67,0.1,103.8,Potential / Occasional,Warm (31-90)
TXN003673,C00788,2024-05-19,Beauty,Makeup,1,72.78,0.15,61.86,Potential / Occasional,At Risk (180+)
TXN001072,C00201,2024-05-19,Electronics,Laptop,3,126.51,0.0,379.53,Potential / Occasional,Cool (91-180)
TXN000399,C00071,2024-05-19,Sports,Running Shoes,2,82.36,0.0,164.73,Potential / Occasional,At Risk (180+)
TXN001690,C00329,2024-05-19,Electronics,Headphones,2,89.67,0.0,179.34,Potential / Occasional,Warm (31-90)
TXN000526,C00098,2024-05-20,Home,Lamp,1,166.12,0.1,149.51,Potential / Occasional,Active (0-30)
TXN003662,C00786,2024-05-20,Sports,Bicycle,3,196.21,0.0,588.64,Loyal Frequent,Active (0-30)
TXN002440,C00504,2024-05-20,Electronics,Smartphone,1,70.27,0.0,70.27,Potential / Occasional,At Risk (180+)
TXN003445,C00734,2024-05-20,Home,Lamp,3,220.18,0.0,660.55,Loyal Frequent,Active (0-30)
TXN000804,C00145,2024-05-20,Home,Cookware,2,165.87,0.0,331.73,Potential / Occasional,At Risk (180+)
TXN000119,C00019,2024-05-20,Sports,Yoga Mat,2,426.01,0.0,852.03,High-Value Champions,Cool (91-180)
TXN001428,C00276,2024-05-21,Clothing,Jeans,3,228.09,0.0,684.26,Loyal Frequent,At Risk (180+)
TXN000944,C00176,2024-05-21,Beauty,Skincare,1,150.92,0.1,135.83,Potential / Occasional,At Risk (180+)
TXN000465,C00087,2024-05-22,Clothing,Sneakers,2,82.78,0.0,165.56,Potential / Occasional,At Risk (180+)
TXN001725,C00335,2024-05-22,Electronics,Smartphone,1,122.16,0.05,116.05,High-Value Champions,Cool (91-180)
TXN001907,C00379,2024-05-23,Electronics,Headphones,1,114.13,0.1,102.72,Loyal Frequent,Cool (91-180)
TXN001128,C00213,2024-05-23,Home,Sofa,3,339.37,0.15,865.4,High-Value Champions,Active (0-30)
TXN001591,C00308,2024-05-23,Sports,Running Shoes,3,393.23,0.05,1120.7,Loyal Frequent,At Risk (180+)
TXN000440,C00083,2024-05-23,Clothing,Jacket,1,97.65,0.0,97.65,Loyal Frequent,Cool (91-180)
TXN003178,C00672,2024-05-24,Sports,Running Shoes,1,19.86,0.15,16.88,Potential / Occasional,At Risk (180+)
TXN001547,C00298,2024-05-24,Home,Cookware,1,101.48,0.15,86.25,Potential / Occasional,At Risk (180+)
TXN003499,C00752,2024-05-24,Home,Sofa,1,183.22,0.1,164.9,High-Value Champions,Warm (31-90)
TXN003011,C00631,2024-05-24,Beauty,Skincare,1,306.76,0.05,291.42,Loyal Frequent,Warm (31-90)
TXN003440,C00731,2024-05-25,Sports,Running Shoes,2,41.78,0.15,71.03,Potential / Occasional,Active (0-30)
TXN001774,C00348,2024-05-25,Home,Bedding,2,77.72,0.05,147.66,Potential / Occasional,Cool (91-180)
TXN000071,C00012,2024-05-25,Electronics,Smartphone,2,52.27,0.1,94.08,Potential / Occasional,At Risk (180+)
TXN003590,C00768,2024-05-26,Sports,Dumbbells,2,80.6,0.0,161.21,Potential / Occasional,At Risk (180+)
TXN000101,C00014,2024-05-26,Home,Lamp,1,432.03,0.05,410.43,High-Value Champions,Active (0-30)
TXN003318,C00699,2024-05-27,Sports,Bicycle,3,35.03,0.1,94.59,Potential / Occasional,At Risk (180+)
TXN002754,C00563,2024-05-27,Sports,Dumbbells,2,92.19,0.0,184.39,Potential / Occasional,At Risk (180+)
TXN003284,C00690,2024-05-27,Electronics,Smartwatch,1,95.39,0.15,81.08,Potential / Occasional,At Risk (180+)
TXN003319,C00700,2024-05-28,Electronics,Tablet,2,80.6,0.0,161.21,Potential / Occasional,At Risk (180+)
TXN002062,C00409,2024-05-29,Sports,Running Shoes,3,293.98,0.0,881.95,Loyal Frequent,Cool (91-180)
TXN003432,C00729,2024-05-29,Sports,Bicycle,2,112.4,0.0,224.8,Potential / Occasional,At Risk (180+)
TXN002072,C00411,2024-05-29,Clothing,Jacket,3,60.61,0.15,154.57,Potential / Occasional,At Risk (180+)
TXN001431,C00276,2024-05-30,Beauty,Makeup,3,141.0,0.0,422.99,Loyal Frequent,At Risk (180+)
TXN000323,C00054,2024-05-30,Beauty,Haircare,2,145.74,0.0,291.49,Potential / Occasional,At Risk (180+)
TXN003666,C00787,2024-05-31,Beauty,Skincare,1,126.04,0.0,126.04,Loyal Frequent,Active (0-30)
TXN002005,C00396,2024-06-04,Home,Decor,1,39.34,0.0,39.34,Potential / Occasional,At Risk (180+)
TXN000118,C00019,2024-06-05,Beauty,Skincare,2,260.29,0.05,494.55,High-Value Champions,Cool (91-180)
TXN003639,C00781,2024-06-05,Beauty,Makeup,3,69.62,0.0,208.86,Loyal Frequent,Cool (91-180)
TXN003397,C00725,2024-06-06,Clothing,Dress,1,404.69,0.0,404.69,Loyal Frequent,Warm (31-90)
TXN001294,C00249,2024-06-07,Clothing,Dress,3,132.36,0.05,377.23,High-Value Champions,Warm (31-90)
TXN001605,C00312,2024-06-07,Clothing,Jacket,3,41.14,0.1,111.07,Potential / Occasional,At Risk (180+)
TXN001456,C00282,2024-06-08,Electronics,Smartphone,1,310.41,0.2,248.33,Loyal Frequent,Cool (91-180)
TXN000329,C00058,2024-06-08,Sports,Bicycle,1,109.64,0.0,109.64,High-Value Champions,Active (0-30)
TXN001397,C00269,2024-06-09,Home,Decor,3,61.1,0.0,183.3,Potential / Occasional,At Risk (180+)
TXN003612,C00776,2024-06-09,Clothing,T-Shirt,1,427.06,0.0,427.06,Loyal Frequent,Cool (91-180)
TXN002283,C00463,2024-06-09,Sports,Bicycle,3,37.0,0.0,110.99,Potential / Occasional,At Risk (180+)
TXN000163,C00033,2024-06-09,Home,Lamp,1,93.56,0.0,93.56,Potential / Occasional,At Risk (180+)
TXN000556,C00102,2024-06-09,Home,Sofa,3,117.88,0.0,353.63,High-Value Champions,Warm (31-90)
TXN000353,C00062,2024-06-09,Home,Lamp,2,22.14,0.0,44.27,Potential / Occasional,At Risk (180+)
TXN002303,C00471,2024-06-11,Home,Sofa,2,33.34,0.1,60.02,Potential / Occasional,At Risk (180+)
TXN003559,C00760,2024-06-11,Electronics,Smartphone,1,305.37,0.1,274.84,Loyal Frequent,At Risk (180+)
TXN001079,C00202,2024-06-11,Sports,Running Shoes,3,81.74,0.05,232.97,Loyal Frequent,Cool (91-180)
TXN001269,C00244,2024-06-11,Electronics,Smartwatch,3,327.99,0.05,934.78,High-Value Champions,Cool (91-180)
TXN000209,C00040,2024-06-12,Beauty,Perfume,1,401.31,0.0,401.31,High-Value Champions,Warm (31-90)
TXN001908,C00379,2024-06-12,Beauty,Haircare,3,139.84,0.0,419.51,Loyal Frequent,Cool (91-180)
TXN000530,C00099,2024-06-13,Electronics,Tablet,2,92.25,0.05,175.28,Loyal Frequent,Cool (91-180)
TXN002069,C00410,2024-06-13,Electronics,Smartwatch,3,63.8,0.05,181.84,Potential / Occasional,Cool (91-180)
TXN002747,C00562,2024-06-14,Home,Lamp,1,101.62,0.05,96.54,High-Value Champions,Cool (91-180)
TXN001207,C00229,2024-06-14,Sports,Yoga Mat,2,56.82,0.05,107.96,Potential / Occasional,Cool (91-180)
TXN001241,C00239,2024-06-15,Home,Bedding,2,233.55,0.15,397.03,Loyal Frequent,Active (0-30)
TXN000686,C00125,2024-06-15,Home,Lamp,2,417.37,0.05,793.01,High-Value Champions,Warm (31-90)
TXN002396,C00496,2024-06-15,Home,Lamp,3,249.49,0.0,748.46,Loyal Frequent,At Risk (180+)
TXN000457,C00086,2024-06-15,Electronics,Smartwatch,1,212.46,0.0,212.46,Loyal Frequent,Warm (31-90)
TXN001248,C00240,2024-06-16,Clothing,Dress,3,176.0,0.0,527.99,Loyal Frequent,At Risk (180+)
TXN003145,C00663,2024-06-16,Beauty,Skincare,2,186.87,0.0,373.74,Potential / Occasional,At Risk (180+)
TXN002892,C00597,2024-06-16,Home,Cookware,1,199.92,0.2,159.94,Loyal Frequent,At Risk (180+)
TXN000406,C00074,2024-06-17,Beauty,Perfume,1,33.6,0.0,33.6,Potential / Occasional,At Risk (180+)
TXN001852,C00366,2024-06-17,Clothing,Dress,3,74.08,0.05,211.12,Potential / Occasional,At Risk (180+)
TXN000904,C00166,2024-06-18,Home,Cookware,3,413.12,0.05,1177.38,High-Value Champions,Active (0-30)
TXN003161,C00666,2024-06-18,Sports,Dumbbells,1,198.45,0.15,168.68,High-Value Champions,Warm (31-90)
TXN001488,C00287,2024-06-18,Sports,Dumbbells,2,200.36,0.2,320.57,Loyal Frequent,At Risk (180+)
TXN002910,C00602,2024-06-19,Sports,Running Shoes,1,97.97,0.2,78.37,Potential / Occasional,At Risk (180+)
TXN003143,C00663,2024-06-19,Electronics,Smartphone,1,240.89,0.0,240.89,Potential / Occasional,At Risk (180+)
TXN000369,C00067,2024-06-20,Electronics,Laptop,2,88.86,0.0,177.72,High-Value Champions,Warm (31-90)
TXN001363,C00259,2024-06-20,Sports,Dumbbells,3,61.74,0.05,175.95,Potential / Occasional,At Risk (180+)
TXN001983,C00391,2024-06-20,Beauty,Perfume,2,344.98,0.0,689.97,High-Value Champions,Active (0-30)
TXN002477,C00514,2024-06-22,Clothing,Dress,2,106.24,0.0,212.48,Potential / Occasional,Cool (91-180)
TXN000332,C00058,2024-06-22,Electronics,Smartwatch,2,180.13,0.0,360.26,High-Value Champions,Active (0-30)
TXN000127,C00021,2024-06-22,Home,Bedding,2,99.02,0.05,188.14,Potential / Occasional,At Risk (180+)
TXN002101,C00419,2024-06-22,Electronics,Headphones,2,236.79,0.05,449.91,Loyal Frequent,Cool (91-180)
TXN000850,C00154,2024-06-23,Beauty,Skincare,3,430.09,0.05,1225.75,High-Value Champions,Cool (91-180)
TXN001134,C00213,2024-06-23,Clothing,T-Shirt,3,126.72,0.05,361.17,High-Value Champions,Active (0-30)
TXN002890,C00597,2024-06-23,Beauty,Makeup,2,79.85,0.0,159.7,Loyal Frequent,At Risk (180+)
TXN000318,C00053,2024-06-23,Sports,Running Shoes,3,223.51,0.0,670.54,Loyal Frequent,At Risk (180+)
TXN000409,C00075,2024-06-23,Clothing,Jeans,1,118.59,0.1,106.73,Potential / Occasional,At Risk (180+)
TXN000082,C00013,2024-06-24,Home,Lamp,3,107.68,0.0,323.05,High-Value Champions,Active (0-30)
TXN000549,C00102,2024-06-24,Home,Decor,1,229.57,0.2,183.66,High-Value Champions,Warm (31-90)
TXN000108,C00018,2024-06-24,Electronics,Smartwatch,3,117.15,0.0,351.46,Potential / Occasional,At Risk (180+)
TXN003605,C00775,2024-06-25,Home,Bedding,3,199.54,0.1,538.76,Potential / Occasional,At Risk (180+)
TXN003527,C00755,2024-06-25,Beauty,Makeup,3,197.58,0.0,592.74,High-Value Champions,Active (0-30)
TXN003030,C00635,2024-06-25,Clothing,Jacket,3,144.87,0.1,391.16,Loyal Frequent,At Risk (180+)
TXN001684,C00328,2024-06-27,Home,Sofa,1,314.61,0.0,314.61,High-Value Champions,Cool (91-180)
TXN002001,C00395,2024-06-27,Clothing,Jacket,2,171.23,0.15,291.1,Loyal Frequent,At Risk (180+)
TXN001454,C00282,2024-06-27,Clothing,Jacket,3,247.71,0.05,705.96,Loyal Frequent,Cool (91-180)
TXN003401,C00725,2024-06-27,Home,Bedding,1,395.18,0.05,375.42,Loyal Frequent,Warm (31-90)
TXN002382,C00492,2024-06-28,Clothing,T-Shirt,2,25.57,0.0,51.15,Potential / Occasional,At Risk (180+)
TXN003203,C00675,2024-06-28,Beauty,Perfume,2,106.97,0.05,203.25,High-Value Champions,Cool (91-180)
TXN001777,C00349,2024-06-28,Electronics,Smartwatch,2,40.76,0.05,77.44,Potential / Occasional,At Risk (180+)
TXN001005,C00190,2024-06-28,Beauty,Makeup,2,233.65,0.1,420.56,Loyal Frequent,Warm (31-90)
TXN000589,C00109,2024-06-29,Home,Bedding,2,133.15,0.0,266.3,Loyal Frequent,Active (0-30)
TXN002972,C00624,2024-06-29,Home,Cookware,2,89.44,0.0,178.88,Potential / Occasional,At Risk (180+)
TXN002665,C00549,2024-06-29,Clothing,Dress,2,118.87,0.0,237.75,Loyal Frequent,Cool (91-180)
TXN002280,C00462,2024-06-30,Beauty,Perfume,2,223.75,0.0,447.5,Loyal Frequent,Cool (91-180)
TXN001287,C00247,2024-06-30,Beauty,Makeup,1,58.59,0.1,52.73,Potential / Occasional,At Risk (180+)
TXN001366,C00260,2024-07-01,Beauty,Perfume,1,55.05,0.05,52.3,Potential / Occasional,At Risk (180+)
TXN000490,C00091,2024-07-01,Beauty,Perfume,1,35.52,0.05,33.75,Potential / Occasional,At Risk (180+)
TXN001080,C00202,2024-07-01,Electronics,Smartwatch,2,406.43,0.0,812.85,Loyal Frequent,Cool (91-180)
TXN001063,C00199,2024-07-01,Beauty,Haircare,2,135.28,0.05,257.03,High-Value Champions,Warm (31-90)
TXN001748,C00341,2024-07-01,Sports,Bicycle,3,19.7,0.05,56.14,Potential / Occasional,At Risk (180+)
TXN002113,C00423,2024-07-02,Beauty,Skincare,2,20.68,0.0,41.37,Potential / Occasional,At Risk (180+)
TXN000732,C00131,2024-07-02,Home,Decor,1,152.83,0.0,152.83,Loyal Frequent,Warm (31-90)
TXN001434,C00277,2024-07-03,Home,Cookware,1,46.34,0.0,46.34,Potential / Occasional,At Risk (180+)
TXN002656,C00548,2024-07-03,Sports,Bicycle,1,96.12,0.05,91.31,High-Value Champions,Warm (31-90)
TXN002705,C00554,2024-07-03,Electronics,Smartwatch,1,266.38,0.0,266.38,High-Value Champions,Cool (91-180)
TXN001893,C00376,2024-07-04,Home,Cookware,2,43.04,0.1,77.48,Potential / Occasional,At Risk (180+)
TXN001183,C00225,2024-07-04,Clothing,Dress,3,174.97,0.0,524.92,Loyal Frequent,At Risk (180+)
TXN003227,C00679,2024-07-04,Home,Sofa,2,66.7,0.15,113.4,Potential / Occasional,At Risk (180+)
TXN000145,C00025,2024-07-04,Clothing,Jeans,2,358.93,0.0,717.86,Loyal Frequent,Active (0-30)
TXN000841,C00153,2024-07-04,Sports,Yoga Mat,2,349.6,0.0,699.19,Loyal Frequent,At Risk (180+)
TXN000231,C00043,2024-07-04,Home,Decor,3,322.86,0.0,968.59,High-Value Champions,Warm (31-90)
TXN003251,C00683,2024-07-04,Clothing,Jeans,1,92.73,0.2,74.19,Potential / Occasional,At Risk (180+)
TXN003291,C00694,2024-07-05,Electronics,Smartphone,2,58.62,0.0,117.23,Potential / Occasional,At Risk (180+)
TXN001593,C00308,2024-07-05,Clothing,T-Shirt,1,339.28,0.15,288.39,Loyal Frequent,At Risk (180+)
TXN003184,C00673,2024-07-05,Clothing,Jacket,3,188.03,0.0,564.09,Potential / Occasional,At Risk (180+)
TXN000256,C00044,2024-07-05,Electronics,Laptop,2,105.68,0.1,190.22,High-Value Champions,Cool (91-180)
TXN002504,C00518,2024-07-05,Clothing,Dress,3,312.98,0.0,938.94,High-Value Champions,Cool (91-180)
TXN003249,C00682,2024-07-05,Electronics,Laptop,3,174.12,0.2,417.88,Potential / Occasional,At Risk (180+)
TXN002068,C00409,2024-07-05,Sports,Dumbbells,1,215.06,0.05,204.31,Loyal Frequent,Cool (91-180)
TXN002619,C00543,2024-07-05,Home,Cookware,3,241.76,0.0,725.27,Loyal Frequent,At Risk (180+)
TXN000225,C00042,2024-07-06,Clothing,T-Shirt,2,28.18,0.0,56.37,Potential / Occasional,At Risk (180+)
TXN001347,C00257,2024-07-06,Beauty,Perfume,2,82.96,0.0,165.92,Potential / Occasional,At Risk (180+)
TXN000443,C00084,2024-07-07,Home,Lamp,2,328.49,0.1,591.28,Loyal Frequent,At Risk (180+)
TXN000360,C00064,2024-07-07,Clothing,Jacket,1,76.85,0.05,73.0,Potential / Occasional,At Risk (180+)
TXN003384,C00721,2024-07-07,Electronics,Headphones,3,122.35,0.0,367.04,Loyal Frequent,Warm (31-90)
TXN000876,C00160,2024-07-07,Electronics,Tablet,2,233.16,0.0,466.31,Potential / Occasional,Active (0-30)
TXN003339,C00705,2024-07-07,Beauty,Perfume,1,181.7,0.15,154.45,Loyal Frequent,Warm (31-90)
TXN002726,C00558,2024-07-08,Electronics,Smartwatch,1,23.95,0.05,22.75,Potential / Occasional,Cool (91-180)
TXN000052,C00009,2024-07-08,Electronics,Smartwatch,3,170.99,0.1,461.66,Loyal Frequent,Active (0-30)
TXN000308,C00052,2024-07-08,Sports,Dumbbells,2,377.11,0.05,716.52,High-Value Champions,At Risk (180+)
TXN000827,C00149,2024-07-09,Beauty,Makeup,2,26.22,0.1,47.19,Potential / Occasional,At Risk (180+)
TXN003719,C00798,2024-07-09,Home,Sofa,2,203.48,0.0,406.96,Loyal Frequent,At Risk (180+)
TXN002812,C00578,2024-07-09,Clothing,T-Shirt,3,198.69,0.0,596.08,Loyal Frequent,Cool (91-180)
TXN000901,C00165,2024-07-09,Electronics,Tablet,1,89.87,0.1,80.88,Potential / Occasional,Cool (91-180)
TXN000809,C00146,2024-07-09,Electronics,Laptop,3,111.0,0.05,316.36,Loyal Frequent,At Risk (180+)
TXN000038,C00007,2024-07-11,Electronics,Tablet,2,300.26,0.0,600.52,High-Value Champions,Active (0-30)
TXN002170,C00435,2024-07-11,Clothing,Jacket,3,248.62,0.2,596.69,High-Value Champions,Cool (91-180)
TXN000142,C00025,2024-07-11,Electronics,Smartphone,3,114.17,0.0,342.52,Loyal Frequent,Active (0-30)
TXN001385,C00265,2024-07-11,Home,Bedding,2,51.86,0.0,103.72,Potential / Occasional,At Risk (180+)
TXN001101,C00208,2024-07-11,Clothing,T-Shirt,1,52.42,0.05,49.8,Potential / Occasional,At Risk (180+)
TXN001968,C00389,2024-07-11,Beauty,Skincare,1,224.34,0.15,190.69,Potential / Occasional,At Risk (180+)
TXN001775,C00348,2024-07-11,Sports,Running Shoes,1,63.83,0.0,63.83,Potential / Occasional,Cool (91-180)
TXN002109,C00422,2024-07-12,Home,Cookware,3,87.02,0.05,248.01,Loyal Frequent,Active (0-30)
TXN002277,C00462,2024-07-12,Electronics,Laptop,1,201.48,0.2,161.18,Loyal Frequent,Cool (91-180)
TXN000204,C00039,2024-07-12,Electronics,Headphones,3,67.41,0.1,181.99,Loyal Frequent,Active (0-30)
TXN001529,C00294,2024-07-13,Sports,Bicycle,2,64.43,0.2,103.09,Loyal Frequent,Warm (31-90)
TXN002297,C00468,2024-07-13,Clothing,Dress,1,50.0,0.0,50.0,Loyal Frequent,Warm (31-90)
TXN000005,C00002,2024-07-13,Home,Bedding,2,61.11,0.05,116.1,Potential / Occasional,At Risk (180+)
TXN002418,C00499,2024-07-14,Beauty,Haircare,1,71.83,0.15,61.06,Loyal Frequent,Active (0-30)
TXN000220,C00040,2024-07-14,Clothing,T-Shirt,2,183.51,0.1,330.31,High-Value Champions,Warm (31-90)
TXN001380,C00264,2024-07-14,Sports,Bicycle,3,87.97,0.0,263.91,Potential / Occasional,Active (0-30)
TXN000749,C00136,2024-07-15,Clothing,T-Shirt,2,207.39,0.0,414.79,Loyal Frequent,At Risk (180+)
TXN002354,C00483,2024-07-15,Sports,Dumbbells,2,243.27,0.0,486.55,Loyal Frequent,Cool (91-180)
TXN001939,C00384,2024-07-15,Electronics,Headphones,1,195.2,0.0,195.2,High-Value Champions,Warm (31-90)
TXN002974,C00625,2024-07-18,Sports,Yoga Mat,2,235.33,0.0,470.66,Potential / Occasional,Warm (31-90)
TXN002823,C00581,2024-07-18,Sports,Running Shoes,3,76.06,0.0,228.19,Loyal Frequent,Warm (31-90)
TXN001349,C00258,2024-07-19,Home,Bedding,3,157.72,0.15,402.18,High-Value Champions,Warm (31-90)
TXN003188,C00675,2024-07-19,Home,Lamp,2,115.37,0.05,219.2,High-Value Champions,Cool (91-180)
TXN003283,C00690,2024-07-19,Sports,Running Shoes,1,108.37,0.0,108.37,Potential / Occasional,At Risk (180+)
TXN003186,C00674,2024-07-20,Home,Bedding,2,43.55,0.0,87.1,Potential / Occasional,Warm (31-90)
TXN003497,C00752,2024-07-20,Home,Sofa,2,303.33,0.0,606.67,High-Value Champions,Warm (31-90)
TXN000228,C00043,2024-07-20,Home,Decor,3,125.18,0.0,375.54,High-Value Champions,Warm (31-90)
TXN002985,C00628,2024-07-21,Beauty,Skincare,1,128.58,0.15,109.29,High-Value Champions,Cool (91-180)
TXN002467,C00512,2024-07-22,Sports,Dumbbells,1,246.84,0.0,246.84,Potential / Occasional,At Risk (180+)
TXN000851,C00154,2024-07-23,Beauty,Perfume,3,103.28,0.0,309.83,High-Value Champions,Cool (91-180)
TXN003136,C00661,2024-07-24,Electronics,Laptop,2,109.14,0.2,174.63,Potential / Occasional,At Risk (180+)
TXN002717,C00556,2024-07-24,Home,Lamp,1,23.58,0.0,23.58,Potential / Occasional,At Risk (180+)
TXN003542,C00756,2024-07-24,Electronics,Laptop,3,382.47,0.15,975.29,High-Value Champions,Active (0-30)
TXN000339,C00058,2024-07-25,Sports,Dumbbells,3,141.45,0.2,339.47,High-Value Champions,Active (0-30)
TXN002093,C00418,2024-07-25,Clothing,Sneakers,3,32.66,0.05,93.09,Potential / Occasional,At Risk (180+)
TXN000030,C00007,2024-07-26,Electronics,Smartwatch,1,193.55,0.1,174.2,High-Value Champions,Active (0-30)
TXN002519,C00522,2024-07-26,Electronics,Headphones,2,134.59,0.0,269.19,Potential / Occasional,At Risk (180+)
TXN000056,C00010,2024-07-27,Electronics,Tablet,3,75.78,0.15,193.23,Potential / Occasional,At Risk (180+)
TXN001951,C00387,2024-07-27,Beauty,Perfume,3,387.69,0.0,1163.07,High-Value Champions,Warm (31-90)
TXN000579,C00106,2024-07-27,Clothing,T-Shirt,3,239.01,0.05,681.19,Loyal Frequent,Warm (31-90)
TXN001737,C00336,2024-07-27,Clothing,Dress,2,124.55,0.0,249.1,Loyal Frequent,At Risk (180+)
TXN000351,C00061,2024-07-27,Home,Lamp,3,117.71,0.0,353.14,Potential / Occasional,At Risk (180+)
TXN001004,C00190,2024-07-27,Home,Decor,2,156.88,0.1,282.39,Loyal Frequent,Warm (31-90)
TXN003378,C00718,2024-07-28,Beauty,Haircare,3,206.06,0.0,618.17,Potential / Occasional,At Risk (180+)
TXN001610,C00313,2024-07-28,Home,Sofa,2,113.76,0.15,193.39,Loyal Frequent,At Risk (180+)
TXN000062,C00011,2024-07-28,Beauty,Haircare,1,265.13,0.05,251.88,High-Value Champions,Warm (31-90)
TXN000957,C00179,2024-07-28,Beauty,Skincare,3,92.22,0.0,276.67,Potential / Occasional,At Risk (180+)
TXN002549,C00530,2024-07-28,Sports,Dumbbells,3,154.22,0.0,462.65,Potential / Occasional,At Risk (180+)
TXN000805,C00145,2024-07-29,Clothing,Dress,3,229.67,0.1,620.11,Potential / Occasional,At Risk (180+)
TXN000260,C00045,2024-07-29,Electronics,Headphones,2,182.72,0.05,347.17,Loyal Frequent,Cool (91-180)
TXN001991,C00391,2024-07-29,Home,Decor,3,93.23,0.0,279.68,High-Value Champions,Active (0-30)
TXN001464,C00285,2024-07-29,Clothing,Jeans,3,38.71,0.15,98.7,Potential / Occasional,At Risk (180+)
TXN003179,C00672,2024-07-30,Home,Sofa,2,70.07,0.0,140.14,Potential / Occasional,At Risk (180+)
TXN002553,C00532,2024-07-30,Beauty,Haircare,1,25.03,0.2,20.03,Potential / Occasional,At Risk (180+)
TXN001839,C00362,2024-07-31,Sports,Bicycle,2,195.99,0.0,391.99,Loyal Frequent,At Risk (180+)
TXN003032,C00636,2024-07-31,Home,Decor,3,207.28,0.0,621.85,Loyal Frequent,At Risk (180+)
TXN001062,C00199,2024-07-31,Sports,Yoga Mat,2,424.74,0.0,849.48,High-Value Champions,Warm (31-90)
TXN002219,C00449,2024-08-01,Beauty,Haircare,1,151.59,0.0,151.59,Loyal Frequent,Cool (91-180)
TXN003563,C00760,2024-08-01,Clothing,Dress,1,417.16,0.0,417.16,Loyal Frequent,At Risk (180+)
TXN003631,C00779,2024-08-01,Electronics,Smartwatch,2,288.04,0.2,460.87,Loyal Frequent,At Risk (180+)
TXN003280,C00689,2024-08-01,Beauty,Perfume,1,64.3,0.0,64.3,Potential / Occasional,At Risk (180+)
TXN000075,C00013,2024-08-01,Clothing,Sneakers,3,218.91,0.0,656.74,High-Value Champions,Active (0-30)
TXN001799,C00352,2024-08-01,Home,Lamp,1,220.56,0.0,220.56,Loyal Frequent,At Risk (180+)
TXN000779,C00138,2024-08-01,Home,Sofa,2,219.05,0.15,372.39,High-Value Champions,Active (0-30)
TXN000079,C00013,2024-08-02,Sports,Bicycle,2,327.64,0.15,557.0,High-Value Champions,Active (0-30)
TXN003230,C00680,2024-08-02,Electronics,Smartphone,3,100.46,0.0,301.38,Loyal Frequent,At Risk (180+)
TXN000300,C00051,2024-08-04,Clothing,Dress,3,40.04,0.05,114.11,Potential / Occasional,Cool (91-180)
TXN003139,C00662,2024-08-05,Sports,Running Shoes,3,164.52,0.0,493.56,Potential / Occasional,At Risk (180+)
TXN003504,C00753,2024-08-06,Beauty,Makeup,1,163.12,0.0,163.12,Potential / Occasional,At Risk (180+)
TXN003202,C00675,2024-08-07,Clothing,Jeans,3,167.29,0.0,501.87,High-Value Champions,Cool (91-180)
TXN002900,C00600,2024-08-07,Beauty,Skincare,1,172.86,0.0,172.86,Loyal Frequent,At Risk (180+)
TXN001735,C00335,2024-08-07,Sports,Yoga Mat,2,127.17,0.05,241.63,High-Value Champions,Cool (91-180)
TXN001060,C00199,2024-08-07,Electronics,Smartwatch,1,364.44,0.1,328.0,High-Value Champions,Warm (31-90)
TXN003247,C00682,2024-08-07,Home,Cookware,2,124.03,0.0,248.06,Potential / Occasional,At Risk (180+)
TXN001786,C00351,2024-08-07,Home,Cookware,3,250.41,0.0,751.23,High-Value Champions,Cool (91-180)
TXN002684,C00552,2024-08-07,Clothing,T-Shirt,2,236.77,0.05,449.87,Loyal Frequent,At Risk (180+)
TXN000398,C00070,2024-08-08,Home,Lamp,2,95.35,0.0,190.69,Potential / Occasional,At Risk (180+)
TXN003068,C00643,2024-08-08,Clothing,Jacket,3,15.78,0.0,47.33,Potential / Occasional,At Risk (180+)
TXN003228,C00679,2024-08-08,Sports,Dumbbells,1,72.88,0.0,72.88,Potential / Occasional,At Risk (180+)
TXN002903,C00600,2024-08-09,Home,Cookware,1,67.04,0.1,60.33,Loyal Frequent,At Risk (180+)
TXN002879,C00594,2024-08-09,Electronics,Smartwatch,3,121.37,0.0,364.12,Potential / Occasional,Active (0-30)
TXN003543,C00756,2024-08-10,Clothing,Jacket,2,386.41,0.15,656.89,High-Value Champions,Active (0-30)
TXN000212,C00040,2024-08-10,Home,Lamp,3,371.33,0.0,1113.98,High-Value Champions,Warm (31-90)
TXN002438,C00503,2024-08-11,Electronics,Smartphone,2,124.14,0.05,235.86,Potential / Occasional,Active (0-30)
TXN000552,C00102,2024-08-11,Clothing,Jeans,2,360.38,0.0,720.75,High-Value Champions,Warm (31-90)
TXN000746,C00134,2024-08-11,Beauty,Perfume,2,96.62,0.0,193.24,Loyal Frequent,Cool (91-180)
TXN000327,C00057,2024-08-11,Clothing,Dress,1,34.41,0.05,32.69,Potential / Occasional,At Risk (180+)
TXN001085,C00203,2024-08-12,Sports,Dumbbells,2,112.97,0.0,225.95,Potential / Occasional,At Risk (180+)
TXN001520,C00293,2024-08-12,Home,Bedding,2,340.82,0.05,647.55,High-Value Champions,Warm (31-90)
TXN001747,C00340,2024-08-12,Clothing,Dress,3,87.18,0.0,261.53,Potential / Occasional,At Risk (180+)
TXN000651,C00120,2024-08-12,Home,Lamp,1,234.79,0.0,234.79,Loyal Frequent,At Risk (180+)
TXN000380,C00068,2024-08-13,Sports,Yoga Mat,1,43.07,0.1,38.76,Loyal Frequent,At Risk (180+)
TXN000396,C00069,2024-08-13,Beauty,Skincare,3,179.59,0.15,457.95,High-Value Champions,Warm (31-90)
TXN001000,C00190,2024-08-13,Beauty,Perfume,1,128.73,0.05,122.3,Loyal Frequent,Warm (31-90)
TXN001121,C00213,2024-08-13,Beauty,Skincare,1,258.33,0.0,258.33,High-Value Champions,Active (0-30)
TXN001808,C00354,2024-08-13,Sports,Running Shoes,1,232.82,0.2,186.26,Loyal Frequent,At Risk (180+)
TXN002685,C00552,2024-08-14,Home,Sofa,2,92.61,0.15,157.43,Loyal Frequent,At Risk (180+)
TXN001016,C00193,2024-08-14,Clothing,Jeans,2,283.38,0.1,510.09,High-Value Champions,Warm (31-90)
TXN000564,C00104,2024-08-14,Sports,Dumbbells,1,48.47,0.0,48.47,Potential / Occasional,Active (0-30)
TXN000001,C00001,2024-08-15,Sports,Dumbbells,3,223.01,0.05,635.57,Potential / Occasional,At Risk (180+)
TXN002117,C00425,2024-08-16,Home,Sofa,1,170.86,0.0,170.86,Potential / Occasional,Warm (31-90)
TXN002343,C00480,2024-08-16,Clothing,Sneakers,1,52.4,0.1,47.16,Potential / Occasional,At Risk (180+)
TXN001411,C00271,2024-08-16,Beauty,Haircare,3,76.4,0.1,206.28,Potential / Occasional,At Risk (180+)
TXN001956,C00387,2024-08-17,Beauty,Haircare,1,381.85,0.05,362.76,High-Value Champions,Warm (31-90)
TXN000688,C00125,2024-08-17,Electronics,Headphones,1,385.26,0.0,385.26,High-Value Champions,Warm (31-90)
TXN002676,C00551,2024-08-18,Beauty,Skincare,3,158.67,0.0,476.01,High-Value Champions,Warm (31-90)
TXN001310,C00250,2024-08-18,Sports,Running Shoes,1,28.51,0.1,25.65,Potential / Occasional,At Risk (180+)
TXN000799,C00143,2024-08-19,Sports,Dumbbells,2,36.1,0.2,57.75,Potential / Occasional,At Risk (180+)
TXN001950,C00387,2024-08-19,Electronics,Smartwatch,1,357.36,0.0,357.36,High-Value Champions,Warm (31-90)
TXN000188,C00038,2024-08-19,Home,Lamp,3,407.89,0.0,1223.66,High-Value Champions,Active (0-30)
TXN002752,C00562,2024-08-19,Sports,Bicycle,1,351.64,0.15,298.89,High-Value Champions,Cool (91-180)
TXN000525,C00098,2024-08-20,Electronics,Headphones,3,103.58,0.0,310.75,Potential / Occasional,Active (0-30)
TXN001810,C00355,2024-08-20,Clothing,T-Shirt,2,45.58,0.0,91.16,Potential / Occasional,Warm (31-90)
TXN001831,C00361,2024-08-20,Beauty,Haircare,2,205.04,0.05,389.58,High-Value Champions,Warm (31-90)
TXN003591,C00769,2024-08-21,Sports,Running Shoes,1,63.8,0.0,63.8,Potential / Occasional,At Risk (180+)
TXN002755,C00563,2024-08-21,Home,Sofa,3,118.1,0.1,318.87,Potential / Occasional,At Risk (180+)
TXN001184,C00225,2024-08-21,Sports,Bicycle,1,228.89,0.2,183.11,Loyal Frequent,At Risk (180+)
TXN000340,C00058,2024-08-22,Home,Sofa,2,431.12,0.15,732.91,High-Value Champions,Active (0-30)
TXN001211,C00230,2024-08-22,Beauty,Perfume,3,296.48,0.05,844.96,Loyal Frequent,Cool (91-180)
TXN000771,C00137,2024-08-22,Clothing,T-Shirt,1,293.94,0.0,293.94,High-Value Champions,Warm (31-90)
TXN000262,C00045,2024-08-22,Electronics,Headphones,3,178.99,0.05,510.11,Loyal Frequent,Cool (91-180)
TXN001919,C00382,2024-08-23,Beauty,Skincare,1,228.12,0.05,216.71,Loyal Frequent,Cool (91-180)
TXN003547,C00756,2024-08-23,Sports,Yoga Mat,3,282.21,0.05,804.29,High-Value Champions,Active (0-30)
TXN003207,C00676,2024-08-25,Beauty,Perfume,3,173.71,0.0,521.13,Loyal Frequent,At Risk (180+)
TXN002610,C00542,2024-08-25,Sports,Bicycle,3,94.49,0.0,283.46,High-Value Champions,Warm (31-90)
TXN000141,C00025,2024-08-25,Electronics,Laptop,2,427.43,0.15,726.63,Loyal Frequent,Active (0-30)
TXN000856,C00154,2024-08-25,Electronics,Smartphone,1,311.56,0.1,280.41,High-Value Champions,Cool (91-180)
TXN003102,C00653,2024-08-25,Sports,Running Shoes,1,112.33,0.15,95.48,Loyal Frequent,Warm (31-90)
TXN002304,C00471,2024-08-26,Home,Cookware,3,81.55,0.05,232.42,Potential / Occasional,At Risk (180+)
TXN000900,C00165,2024-08-26,Sports,Yoga Mat,3,239.66,0.05,683.02,Potential / Occasional,Cool (91-180)
TXN002536,C00526,2024-08-26,Electronics,Tablet,3,202.69,0.0,608.07,Loyal Frequent,Active (0-30)
TXN001535,C00296,2024-08-26,Beauty,Perfume,1,151.28,0.05,143.71,Loyal Frequent,Cool (91-180)
TXN002238,C00454,2024-08-27,Clothing,Dress,2,230.86,0.15,392.47,High-Value Champions,At Risk (180+)
TXN001528,C00294,2024-08-27,Beauty,Perfume,3,179.68,0.1,485.12,Loyal Frequent,Warm (31-90)
TXN000557,C00102,2024-08-28,Clothing,Dress,2,355.07,0.0,710.14,High-Value Champions,Warm (31-90)
TXN000094,C00014,2024-08-29,Beauty,Perfume,3,367.51,0.0,1102.52,High-Value Champions,Active (0-30)
TXN002769,C00568,2024-08-30,Home,Decor,1,115.0,0.0,115.0,Potential / Occasional,At Risk (180+)
TXN003467,C00741,2024-08-30,Sports,Running Shoes,3,169.22,0.1,456.89,Loyal Frequent,Warm (31-90)
TXN001698,C00331,2024-08-30,Clothing,T-Shirt,3,104.67,0.05,298.31,Potential / Occasional,At Risk (180+)
TXN000348,C00059,2024-08-30,Sports,Running Shoes,1,44.46,0.05,42.24,Potential / Occasional,At Risk (180+)
TXN001058,C00199,2024-08-30,Sports,Bicycle,2,351.15,0.0,702.3,High-Value Champions,Warm (31-90)
TXN003182,C00673,2024-08-31,Clothing,Jacket,1,149.58,0.05,142.1,Potential / Occasional,At Risk (180+)
TXN003038,C00638,2024-08-31,Home,Lamp,1,116.87,0.0,116.87,High-Value Champions,Warm (31-90)
TXN001172,C00221,2024-08-31,Clothing,Jacket,2,61.79,0.0,123.58,Potential / Occasional,At Risk (180+)
TXN002096,C00419,2024-08-31,Home,Decor,3,160.14,0.1,432.38,Loyal Frequent,Cool (91-180)
TXN001870,C00371,2024-08-31,Electronics,Smartphone,1,174.88,0.1,157.4,High-Value Champions,Active (0-30)
TXN002063,C00409,2024-08-31,Electronics,Tablet,1,383.81,0.0,383.81,Loyal Frequent,Cool (91-180)
TXN001216,C00230,2024-09-01,Electronics,Tablet,2,335.33,0.05,637.12,Loyal Frequent,Cool (91-180)
TXN000927,C00167,2024-09-01,Electronics,Smartwatch,2,266.89,0.15,453.72,High-Value Champions,Cool (91-180)
TXN003726,C00800,2024-09-01,Home,Decor,3,64.48,0.0,193.43,Potential / Occasional,Cool (91-180)
TXN000039,C00007,2024-09-01,Home,Bedding,3,384.01,0.2,921.62,High-Value Champions,Active (0-30)
TXN002953,C00617,2024-09-01,Beauty,Haircare,1,101.11,0.0,101.11,Potential / Occasional,Cool (91-180)
TXN001346,C00257,2024-09-01,Sports,Running Shoes,2,72.08,0.0,144.16,Potential / Occasional,At Risk (180+)
TXN001541,C00297,2024-09-02,Clothing,Sneakers,2,208.64,0.1,375.55,Loyal Frequent,Warm (31-90)
TXN001765,C00345,2024-09-02,Beauty,Makeup,3,198.56,0.0,595.69,Potential / Occasional,At Risk (180+)
TXN003470,C00741,2024-09-02,Beauty,Perfume,3,220.75,0.0,662.24,Loyal Frequent,Warm (31-90)
TXN000933,C00170,2024-09-02,Sports,Yoga Mat,2,89.33,0.0,178.67,Potential / Occasional,At Risk (180+)
TXN000819,C00147,2024-09-04,Home,Sofa,3,66.63,0.0,199.89,Loyal Frequent,At Risk (180+)
TXN003157,C00666,2024-09-04,Sports,Bicycle,1,287.54,0.0,287.54,High-Value Champions,Warm (31-90)
TXN001010,C00191,2024-09-05,Sports,Running Shoes,1,178.91,0.0,178.91,Potential / Occasional,At Risk (180+)
TXN003354,C00708,2024-09-05,Clothing,Jeans,1,52.95,0.0,52.95,Potential / Occasional,At Risk (180+)
TXN001856,C00368,2024-09-05,Beauty,Perfume,3,208.64,0.0,625.93,Loyal Frequent,Warm (31-90)
TXN001663,C00323,2024-09-07,Home,Decor,2,70.82,0.0,141.64,Potential / Occasional,At Risk (180+)
TXN001137,C00214,2024-09-07,Clothing,Dress,3,169.74,0.0,509.22,Potential / Occasional,Warm (31-90)
TXN000218,C00040,2024-09-07,Clothing,Sneakers,2,112.41,0.0,224.82,High-Value Champions,Warm (31-90)
TXN002523,C00523,2024-09-08,Home,Cookware,3,44.16,0.0,132.48,Potential / Occasional,At Risk (180+)
TXN002122,C00427,2024-09-08,Beauty,Skincare,1,97.23,0.05,92.37,High-Value Champions,Warm (31-90)
TXN002177,C00436,2024-09-08,Home,Sofa,2,191.76,0.05,364.34,Potential / Occasional,At Risk (180+)
TXN000558,C00102,2024-09-08,Beauty,Perfume,3,337.12,0.05,960.79,High-Value Champions,Warm (31-90)
TXN001171,C00221,2024-09-08,Sports,Bicycle,3,23.36,0.0,70.09,Potential / Occasional,At Risk (180+)
TXN001078,C00202,2024-09-08,Electronics,Tablet,1,193.09,0.15,164.13,Loyal Frequent,Cool (91-180)
TXN001853,C00367,2024-09-08,Home,Sofa,1,39.52,0.2,31.62,Potential / Occasional,At Risk (180+)
TXN001953,C00387,2024-09-08,Home,Bedding,3,431.73,0.0,1295.18,High-Value Champions,Warm (31-90)
TXN002454,C00506,2024-09-09,Electronics,Headphones,3,203.9,0.0,611.69,Loyal Frequent,At Risk (180+)
TXN002868,C00591,2024-09-09,Clothing,T-Shirt,3,81.58,0.0,244.75,Loyal Frequent,Cool (91-180)
TXN003055,C00639,2024-09-09,Home,Lamp,3,97.41,0.1,263.01,Potential / Occasional,At Risk (180+)
TXN001354,C00258,2024-09-09,Beauty,Haircare,1,377.16,0.2,301.73,High-Value Champions,Warm (31-90)
TXN002751,C00562,2024-09-09,Electronics,Headphones,3,143.88,0.15,366.9,High-Value Champions,Cool (91-180)
TXN001325,C00251,2024-09-09,Clothing,Jacket,3,177.49,0.0,532.46,High-Value Champions,Warm (31-90)
TXN002698,C00553,2024-09-10,Sports,Running Shoes,3,87.26,0.0,261.79,Loyal Frequent,Warm (31-90)
TXN000959,C00180,2024-09-10,Sports,Dumbbells,2,108.48,0.0,216.96,Potential / Occasional,Cool (91-180)
TXN001480,C00286,2024-09-10,Clothing,T-Shirt,2,259.96,0.05,493.92,High-Value Champions,Warm (31-90)
TXN000487,C00090,2024-09-10,Beauty,Makeup,1,104.61,0.0,104.61,Loyal Frequent,Cool (91-180)
TXN000421,C00080,2024-09-10,Electronics,Tablet,1,245.29,0.0,245.29,Potential / Occasional,Active (0-30)
TXN003449,C00735,2024-09-11,Electronics,Smartwatch,1,23.55,0.1,21.19,Potential / Occasional,Warm (31-90)
TXN003113,C00657,2024-09-11,Sports,Dumbbells,3,183.34,0.0,550.03,Loyal Frequent,At Risk (180+)
TXN003262,C00686,2024-09-11,Clothing,Jacket,2,200.88,0.05,381.67,Potential / Occasional,Cool (91-180)
TXN001232,C00236,2024-09-11,Beauty,Haircare,1,162.34,0.0,162.34,Loyal Frequent,At Risk (180+)
TXN001652,C00320,2024-09-11,Home,Cookware,3,125.68,0.0,377.04,Loyal Frequent,Warm (31-90)
TXN001089,C00204,2024-09-11,Clothing,Jeans,1,210.82,0.05,200.28,Loyal Frequent,At Risk (180+)
TXN001744,C00339,2024-09-11,Clothing,T-Shirt,3,102.42,0.0,307.27,Potential / Occasional,At Risk (180+)
TXN000762,C00137,2024-09-12,Clothing,Sneakers,2,137.13,0.05,260.55,High-Value Champions,Warm (31-90)
TXN002450,C00506,2024-09-12,Electronics,Laptop,2,153.39,0.0,306.78,Loyal Frequent,At Risk (180+)
TXN001782,C00350,2024-09-12,Sports,Running Shoes,3,49.88,0.15,127.19,Potential / Occasional,Warm (31-90)
TXN000177,C00035,2024-09-12,Sports,Dumbbells,2,230.87,0.05,438.65,High-Value Champions,Active (0-30)
TXN002000,C00395,2024-09-12,Clothing,Sneakers,3,100.48,0.15,256.21,Loyal Frequent,At Risk (180+)
TXN001024,C00193,2024-09-13,Sports,Bicycle,3,389.64,0.15,993.58,High-Value Champions,Warm (31-90)
TXN001965,C00388,2024-09-13,Clothing,T-Shirt,3,45.99,0.1,124.17,Potential / Occasional,At Risk (180+)
TXN002174,C00435,2024-09-13,Electronics,Smartphone,2,367.55,0.1,661.59,High-Value Champions,Cool (91-180)
TXN002323,C00474,2024-09-13,Electronics,Laptop,2,115.83,0.05,220.08,Loyal Frequent,At Risk (180+)
TXN001374,C00263,2024-09-13,Clothing,T-Shirt,1,111.22,0.0,111.22,Loyal Frequent,Cool (91-180)
TXN002274,C00461,2024-09-13,Electronics,Smartphone,3,52.85,0.0,158.54,Potential / Occasional,At Risk (180+)
TXN000708,C00129,2024-09-14,Home,Lamp,3,161.96,0.05,461.58,Potential / Occasional,At Risk (180+)
TXN002622,C00543,2024-09-14,Electronics,Smartphone,2,101.28,0.1,182.31,Loyal Frequent,At Risk (180+)
TXN001598,C00309,2024-09-14,Electronics,Smartwatch,2,31.83,0.0,63.67,Potential / Occasional,Cool (91-180)
TXN002340,C00479,2024-09-14,Clothing,T-Shirt,1,188.78,0.1,169.9,Potential / Occasional,Active (0-30)
TXN003669,C00787,2024-09-14,Sports,Running Shoes,3,171.12,0.1,462.02,Loyal Frequent,Active (0-30)
TXN002308,C00472,2024-09-14,Sports,Running Shoes,1,178.12,0.0,178.12,Loyal Frequent,At Risk (180+)
TXN000232,C00043,2024-09-15,Sports,Running Shoes,1,446.21,0.2,356.97,High-Value Champions,Warm (31-90)
TXN002451,C00506,2024-09-15,Electronics,Smartwatch,2,380.77,0.0,761.55,Loyal Frequent,At Risk (180+)
TXN000631,C00116,2024-09-15,Electronics,Smartwatch,2,170.33,0.15,289.57,High-Value Champions,Warm (31-90)
TXN000954,C00178,2024-09-15,Sports,Dumbbells,1,166.17,0.1,149.56,Loyal Frequent,Cool (91-180)
TXN002787,C00571,2024-09-17,Electronics,Laptop,3,158.78,0.05,452.53,Loyal Frequent,Cool (91-180)
TXN000837,C00152,2024-09-17,Electronics,Tablet,1,44.59,0.05,42.36,Potential / Occasional,Warm (31-90)
TXN003213,C00677,2024-09-17,Clothing,Jeans,2,279.42,0.0,558.83,High-Value Champions,Active (0-30)
TXN002998,C00628,2024-09-17,Electronics,Smartwatch,1,405.3,0.0,405.3,High-Value Champions,Cool (91-180)
TXN001038,C00195,2024-09-18,Beauty,Makeup,3,251.81,0.1,679.89,High-Value Champions,Warm (31-90)
TXN001235,C00238,2024-09-18,Beauty,Perfume,2,41.21,0.0,82.42,Potential / Occasional,At Risk (180+)
TXN001419,C00273,2024-09-18,Electronics,Smartphone,3,119.91,0.15,305.76,Loyal Frequent,At Risk (180+)
TXN002285,C00464,2024-09-18,Home,Bedding,1,114.74,0.0,114.74,Potential / Occasional,At Risk (180+)
TXN000343,C00058,2024-09-18,Sports,Bicycle,1,88.88,0.0,88.88,High-Value Champions,Active (0-30)
TXN001771,C00347,2024-09-18,Clothing,Dress,1,221.42,0.0,221.42,Potential / Occasional,At Risk (180+)
TXN002032,C00401,2024-09-19,Electronics,Tablet,2,422.67,0.15,718.54,Loyal Frequent,Warm (31-90)
TXN002689,C00553,2024-09-19,Beauty,Haircare,3,100.18,0.0,300.54,Loyal Frequent,Warm (31-90)
TXN002092,C00418,2024-09-20,Beauty,Perfume,2,43.3,0.0,86.6,Potential / Occasional,At Risk (180+)
TXN003258,C00685,2024-09-20,Sports,Running Shoes,3,54.86,0.0,164.57,Potential / Occasional,At Risk (180+)
TXN002557,C00533,2024-09-22,Electronics,Headphones,2,66.01,0.05,125.43,Loyal Frequent,At Risk (180+)
TXN001401,C00270,2024-09-23,Clothing,Jeans,2,136.66,0.0,273.32,High-Value Champions,Warm (31-90)
TXN000494,C00093,2024-09-23,Electronics,Smartwatch,2,106.63,0.15,181.26,Potential / Occasional,At Risk (180+)
TXN002988,C00628,2024-09-23,Electronics,Smartphone,1,149.9,0.05,142.4,High-Value Champions,Cool (91-180)
TXN003518,C00754,2024-09-23,Electronics,Tablet,3,422.62,0.15,1077.67,High-Value Champions,Active (0-30)
TXN000747,C00135,2024-09-24,Electronics,Smartwatch,3,23.06,0.05,65.73,Potential / Occasional,Cool (91-180)
TXN001734,C00335,2024-09-24,Sports,Dumbbells,3,278.64,0.0,835.92,High-Value Champions,Cool (91-180)
TXN002080,C00414,2024-09-25,Electronics,Smartwatch,1,204.89,0.0,204.89,Loyal Frequent,Cool (91-180)
TXN002401,C00497,2024-09-25,Clothing,T-Shirt,1,377.46,0.1,339.71,High-Value Champions,At Risk (180+)
TXN000903,C00166,2024-09-25,Electronics,Tablet,1,126.51,0.0,126.51,High-Value Champions,Active (0-30)
TXN002496,C00518,2024-09-26,Home,Decor,1,84.55,0.15,71.87,High-Value Champions,Cool (91-180)
TXN001881,C00372,2024-09-26,Home,Sofa,2,36.47,0.0,72.94,Potential / Occasional,At Risk (180+)
TXN000865,C00158,2024-09-26,Electronics,Laptop,3,340.21,0.15,867.54,Loyal Frequent,At Risk (180+)
TXN000816,C00146,2024-09-26,Home,Sofa,2,346.4,0.05,658.16,Loyal Frequent,At Risk (180+)
TXN002447,C00506,2024-09-27,Clothing,Jacket,1,356.81,0.15,303.29,Loyal Frequent,At Risk (180+)
TXN001920,C00382,2024-09-27,Beauty,Perfume,2,326.24,0.05,619.85,Loyal Frequent,Cool (91-180)
TXN002157,C00433,2024-09-27,Sports,Bicycle,3,433.11,0.0,1299.32,High-Value Champions,Warm (31-90)
TXN001191,C00226,2024-09-27,Clothing,Jacket,3,34.78,0.05,99.12,Potential / Occasional,Warm (31-90)
TXN001424,C00274,2024-09-28,Clothing,Jacket,1,58.63,0.05,55.7,Potential / Occasional,At Risk (180+)
TXN002739,C00562,2024-09-28,Sports,Dumbbells,1,270.53,0.05,257.0,High-Value Champions,Cool (91-180)
TXN000379,C00068,2024-09-28,Sports,Bicycle,1,202.26,0.0,202.26,Loyal Frequent,At Risk (180+)
TXN002683,C00552,2024-09-29,Sports,Bicycle,1,105.31,0.05,100.05,Loyal Frequent,At Risk (180+)
TXN002580,C00539,2024-09-29,Clothing,T-Shirt,2,165.01,0.1,297.02,Loyal Frequent,At Risk (180+)
TXN002546,C00530,2024-09-30,Home,Cookware,3,132.29,0.05,377.04,Potential / Occasional,At Risk (180+)
TXN003537,C00755,2024-09-30,Sports,Dumbbells,1,336.58,0.0,336.58,High-Value Champions,Active (0-30)
TXN001288,C00248,2024-10-01,Home,Cookware,3,48.84,0.2,117.21,Potential / Occasional,Cool (91-180)
TXN002925,C00607,2024-10-01,Clothing,Jeans,1,227.64,0.15,193.5,Loyal Frequent,At Risk (180+)
TXN003307,C00697,2024-10-01,Clothing,Sneakers,3,389.36,0.05,1109.68,High-Value Champions,Active (0-30)
TXN003409,C00726,2024-10-01,Clothing,T-Shirt,2,153.25,0.0,306.5,Loyal Frequent,Active (0-30)
TXN000692,C00126,2024-10-02,Clothing,Dress,1,100.77,0.05,95.73,Potential / Occasional,At Risk (180+)
TXN002244,C00454,2024-10-02,Home,Cookware,2,407.02,0.05,773.33,High-Value Champions,At Risk (180+)
TXN002151,C00432,2024-10-02,Sports,Dumbbells,2,64.4,0.1,115.93,Potential / Occasional,At Risk (180+)
TXN003306,C00697,2024-10-03,Sports,Dumbbells,3,122.69,0.15,312.87,High-Value Champions,Active (0-30)
TXN002249,C00456,2024-10-03,Beauty,Skincare,1,198.12,0.0,198.12,Potential / Occasional,At Risk (180+)
TXN002888,C00596,2024-10-03,Beauty,Haircare,2,419.09,0.1,754.37,Loyal Frequent,Warm (31-90)
TXN000801,C00144,2024-10-05,Beauty,Skincare,3,119.17,0.05,339.64,Potential / Occasional,Warm (31-90)
TXN001131,C00213,2024-10-05,Sports,Dumbbells,2,257.12,0.15,437.1,High-Value Champions,Active (0-30)
TXN000303,C00052,2024-10-05,Home,Sofa,2,136.03,0.0,272.06,High-Value Champions,At Risk (180+)
TXN003050,C00638,2024-10-05,Home,Decor,2,381.26,0.0,762.52,High-Value Champions,Warm (31-90)
TXN000993,C00188,2024-10-06,Electronics,Smartwatch,2,112.85,0.0,225.69,Loyal Frequent,Cool (91-180)
TXN002400,C00496,2024-10-07,Electronics,Laptop,2,123.36,0.05,234.38,Loyal Frequent,At Risk (180+)
TXN002075,C00413,2024-10-08,Home,Sofa,3,103.99,0.05,296.36,Potential / Occasional,At Risk (180+)
TXN003592,C00769,2024-10-09,Beauty,Haircare,2,57.76,0.0,115.52,Potential / Occasional,At Risk (180+)
TXN003508,C00754,2024-10-09,Clothing,Jacket,3,388.51,0.0,1165.53,High-Value Champions,Active (0-30)
TXN001620,C00315,2024-10-09,Clothing,Jacket,3,199.48,0.05,568.52,Loyal Frequent,At Risk (180+)
TXN002112,C00423,2024-10-09,Clothing,Jeans,2,106.09,0.1,190.97,Potential / Occasional,At Risk (180+)
TXN002696,C00553,2024-10-10,Home,Lamp,2,429.96,0.0,859.92,Loyal Frequent,Warm (31-90)
TXN000915,C00167,2024-10-11,Electronics,Laptop,3,354.28,0.15,903.42,High-Value Champions,Cool (91-180)
TXN003281,C00689,2024-10-12,Home,Sofa,3,53.01,0.05,151.09,Potential / Occasional,At Risk (180+)
TXN003634,C00781,2024-10-12,Sports,Yoga Mat,3,111.63,0.2,267.9,Loyal Frequent,Cool (91-180)
TXN000606,C00112,2024-10-12,Sports,Bicycle,1,410.52,0.1,369.47,Loyal Frequent,Active (0-30)
TXN002521,C00522,2024-10-12,Clothing,Jacket,1,184.08,0.0,184.08,Potential / Occasional,At Risk (180+)
TXN002921,C00607,2024-10-13,Home,Bedding,3,98.9,0.05,281.86,Loyal Frequent,At Risk (180+)
TXN000335,C00058,2024-10-13,Electronics,Headphones,3,419.49,0.0,1258.47,High-Value Champions,Active (0-30)
TXN000102,C00015,2024-10-13,Clothing,Dress,2,68.85,0.05,130.82,Potential / Occasional,At Risk (180+)
TXN003296,C00695,2024-10-14,Electronics,Smartphone,2,120.04,0.0,240.08,Potential / Occasional,Active (0-30)
TXN001595,C00308,2024-10-14,Electronics,Smartphone,1,185.12,0.0,185.12,Loyal Frequent,At Risk (180+)
TXN002711,C00554,2024-10-14,Home,Sofa,3,263.23,0.05,750.2,High-Value Champions,Cool (91-180)
TXN001521,C00293,2024-10-14,Electronics,Smartphone,3,321.85,0.0,965.56,High-Value Champions,Warm (31-90)
TXN002909,C00602,2024-10-15,Beauty,Haircare,1,52.05,0.05,49.45,Potential / Occasional,At Risk (180+)
TXN000907,C00166,2024-10-15,Beauty,Makeup,3,144.87,0.0,434.62,High-Value Champions,Active (0-30)
TXN000492,C00092,2024-10-15,Clothing,Jacket,3,92.48,0.15,235.83,Potential / Occasional,At Risk (180+)
TXN001417,C00273,2024-10-16,Home,Sofa,2,385.92,0.05,733.25,Loyal Frequent,At Risk (180+)
TXN003585,C00766,2024-10-16,Sports,Bicycle,1,158.35,0.0,158.35,Loyal Frequent,At Risk (180+)
TXN002922,C00607,2024-10-17,Electronics,Headphones,2,112.98,0.0,225.96,Loyal Frequent,At Risk (180+)
TXN002494,C00518,2024-10-18,Clothing,T-Shirt,2,365.52,0.1,657.93,High-Value Champions,Cool (91-180)
TXN002245,C00454,2024-10-18,Clothing,Dress,1,299.11,0.0,299.11,High-Value Champions,At Risk (180+)
TXN000783,C00138,2024-10-19,Electronics,Headphones,3,90.44,0.05,257.77,High-Value Champions,Active (0-30)
TXN001422,C00273,2024-10-20,Electronics,Tablet,3,129.41,0.0,388.23,Loyal Frequent,At Risk (180+)
TXN003593,C00770,2024-10-21,Electronics,Tablet,1,94.01,0.0,94.01,Potential / Occasional,At Risk (180+)
TXN003712,C00797,2024-10-21,Sports,Bicycle,1,199.98,0.0,199.98,Loyal Frequent,Active (0-30)
TXN000475,C00088,2024-10-21,Clothing,Dress,2,287.89,0.0,575.78,High-Value Champions,Warm (31-90)
TXN001181,C00224,2024-10-22,Beauty,Perfume,1,99.17,0.0,99.17,Potential / Occasional,At Risk (180+)
TXN002713,C00555,2024-10-23,Sports,Bicycle,2,64.43,0.0,128.86,Potential / Occasional,At Risk (180+)
TXN002762,C00565,2024-10-23,Electronics,Headphones,2,77.49,0.0,154.98,Potential / Occasional,Cool (91-180)
TXN001973,C00390,2024-10-24,Home,Decor,1,227.48,0.0,227.48,Loyal Frequent,At Risk (180+)
TXN000648,C00120,2024-10-24,Beauty,Haircare,1,113.14,0.0,113.14,Loyal Frequent,At Risk (180+)
TXN001764,C00345,2024-10-25,Sports,Running Shoes,3,130.03,0.0,390.1,Potential / Occasional,At Risk (180+)
TXN003530,C00755,2024-10-26,Sports,Yoga Mat,2,258.64,0.0,517.28,High-Value Champions,Active (0-30)
TXN002999,C00628,2024-10-26,Clothing,Dress,1,285.35,0.0,285.35,High-Value Champions,Cool (91-180)
TXN000969,C00183,2024-10-26,Sports,Yoga Mat,1,186.37,0.05,177.05,Loyal Frequent,At Risk (180+)
TXN003170,C00668,2024-10-27,Clothing,T-Shirt,3,98.23,0.15,250.5,Potential / Occasional,At Risk (180+)
TXN000402,C00073,2024-10-27,Home,Decor,2,220.02,0.0,440.04,Potential / Occasional,Cool (91-180)
TXN000597,C00110,2024-10-27,Home,Sofa,1,42.0,0.0,42.0,Potential / Occasional,At Risk (180+)
TXN000893,C00163,2024-10-28,Home,Cookware,3,88.03,0.1,237.68,Loyal Frequent,At Risk (180+)
TXN003083,C00649,2024-10-28,Clothing,T-Shirt,2,93.24,0.0,186.47,Loyal Frequent,Warm (31-90)
TXN001435,C00278,2024-10-28,Home,Decor,3,35.79,0.0,107.38,Potential / Occasional,At Risk (180+)
TXN002305,C00472,2024-10-28,Beauty,Haircare,3,200.56,0.0,601.67,Loyal Frequent,At Risk (180+)
TXN000230,C00043,2024-10-29,Beauty,Haircare,2,281.87,0.0,563.73,High-Value Champions,Warm (31-90)
TXN001025,C00193,2024-10-29,Clothing,Jeans,1,186.13,0.05,176.83,High-Value Champions,Warm (31-90)
TXN002896,C00598,2024-10-29,Sports,Running Shoes,2,36.78,0.15,62.53,Potential / Occasional,Cool (91-180)
TXN001753,C00342,2024-10-30,Home,Sofa,1,216.59,0.05,205.76,Potential / Occasional,At Risk (180+)
TXN002662,C00549,2024-10-30,Clothing,Jeans,1,136.34,0.05,129.52,Loyal Frequent,Cool (91-180)
TXN001258,C00244,2024-10-31,Home,Lamp,1,420.35,0.1,378.32,High-Value Champions,Cool (91-180)
TXN003267,C00687,2024-10-31,Electronics,Tablet,2,77.86,0.0,155.72,Loyal Frequent,At Risk (180+)
TXN002944,C00615,2024-11-01,Beauty,Haircare,3,247.49,0.05,705.36,Loyal Frequent,At Risk (180+)
TXN001445,C00280,2024-11-01,Electronics,Tablet,2,119.69,0.05,227.41,Loyal Frequent,At Risk (180+)
TXN001158,C00216,2024-11-02,Clothing,Sneakers,1,28.81,0.2,23.05,Potential / Occasional,Warm (31-90)
TXN000555,C00102,2024-11-02,Electronics,Laptop,3,197.43,0.15,503.46,High-Value Champions,Warm (31-90)
TXN000086,C00014,2024-11-02,Beauty,Haircare,1,103.15,0.0,103.15,High-Value Champions,Active (0-30)
TXN000350,C00060,2024-11-03,Beauty,Perfume,1,102.22,0.05,97.1,Potential / Occasional,Cool (91-180)
TXN002448,C00506,2024-11-03,Home,Bedding,3,143.76,0.05,409.7,Loyal Frequent,At Risk (180+)
TXN002827,C00582,2024-11-03,Electronics,Tablet,1,26.58,0.15,22.59,Potential / Occasional,At Risk (180+)
TXN000523,C00097,2024-11-03,Electronics,Smartphone,2,337.59,0.05,641.42,High-Value Champions,Cool (91-180)
TXN002645,C00548,2024-11-04,Home,Lamp,1,134.8,0.0,134.8,High-Value Champions,Warm (31-90)
TXN001910,C00379,2024-11-05,Beauty,Makeup,2,116.52,0.0,233.04,Loyal Frequent,Cool (91-180)
TXN001857,C00368,2024-11-06,Beauty,Skincare,2,180.26,0.0,360.53,Loyal Frequent,Warm (31-90)
TXN002899,C00600,2024-11-06,Clothing,Jacket,1,123.71,0.05,117.53,Loyal Frequent,At Risk (180+)
TXN001674,C00327,2024-11-06,Beauty,Perfume,1,276.89,0.05,263.04,Loyal Frequent,Warm (31-90)
TXN003663,C00786,2024-11-06,Electronics,Tablet,2,262.6,0.0,525.2,Loyal Frequent,Active (0-30)
TXN001348,C00257,2024-11-06,Clothing,Jacket,3,68.82,0.0,206.46,Potential / Occasional,At Risk (180+)
TXN003344,C00705,2024-11-06,Electronics,Smartwatch,1,257.49,0.15,218.87,Loyal Frequent,Warm (31-90)
TXN002163,C00434,2024-11-06,Electronics,Tablet,2,118.11,0.05,224.42,Potential / Occasional,Warm (31-90)
TXN000441,C00084,2024-11-07,Home,Cookware,1,247.31,0.0,247.31,Loyal Frequent,At Risk (180+)
TXN002743,C00562,2024-11-07,Electronics,Smartwatch,3,373.03,0.0,1119.08,High-Value Champions,Cool (91-180)
TXN001497,C00289,2024-11-08,Electronics,Smartwatch,3,93.36,0.1,252.06,Potential / Occasional,At Risk (180+)
TXN002137,C00428,2024-11-08,Clothing,Jeans,1,69.41,0.05,65.94,Loyal Frequent,Warm (31-90)
TXN000535,C00100,2024-11-09,Home,Lamp,3,233.76,0.0,701.27,Potential / Occasional,At Risk (180+)
TXN001723,C00335,2024-11-09,Electronics,Smartwatch,2,153.95,0.05,292.51,High-Value Champions,Cool (91-180)
TXN001041,C00195,2024-11-09,Home,Lamp,2,378.79,0.0,757.58,High-Value Champions,Warm (31-90)
TXN003393,C00722,2024-11-09,Electronics,Laptop,1,249.64,0.05,237.15,Potential / Occasional,At Risk (180+)
TXN000223,C00041,2024-11-10,Sports,Dumbbells,3,99.57,0.15,253.9,Potential / Occasional,At Risk (180+)
TXN001656,C00321,2024-11-11,Home,Cookware,1,210.13,0.15,178.61,Potential / Occasional,At Risk (180+)
TXN000428,C00082,2024-11-11,Electronics,Smartwatch,2,81.1,0.05,154.09,Loyal Frequent,Cool (91-180)
TXN001962,C00387,2024-11-11,Beauty,Makeup,2,349.74,0.0,699.48,High-Value Champions,Warm (31-90)
TXN000914,C00167,2024-11-12,Beauty,Perfume,2,426.14,0.0,852.29,High-Value Champions,Cool (91-180)
TXN001155,C00215,2024-11-12,Home,Sofa,2,178.87,0.0,357.74,High-Value Champions,Active (0-30)
TXN002807,C00577,2024-11-12,Home,Bedding,2,306.9,0.0,613.8,Loyal Frequent,At Risk (180+)
TXN002052,C00406,2024-11-12,Sports,Yoga Mat,1,236.42,0.0,236.42,Loyal Frequent,At Risk (180+)
TXN003330,C00704,2024-11-12,Sports,Bicycle,2,424.37,0.05,806.3,Loyal Frequent,Warm (31-90)
TXN003556,C00758,2024-11-12,Electronics,Tablet,1,65.26,0.15,55.47,Potential / Occasional,At Risk (180+)
TXN003413,C00727,2024-11-13,Sports,Yoga Mat,3,269.26,0.05,767.4,Loyal Frequent,Cool (91-180)
TXN001982,C00391,2024-11-13,Beauty,Makeup,2,263.9,0.0,527.8,High-Value Champions,Active (0-30)
TXN001722,C00335,2024-11-13,Electronics,Tablet,3,91.8,0.05,261.62,High-Value Champions,Cool (91-180)
TXN003630,C00779,2024-11-13,Home,Decor,3,208.38,0.15,531.37,Loyal Frequent,At Risk (180+)
TXN001487,C00287,2024-11-13,Beauty,Makeup,2,67.85,0.05,128.91,Loyal Frequent,At Risk (180+)
TXN001536,C00296,2024-11-14,Electronics,Smartwatch,1,231.01,0.0,231.01,Loyal Frequent,Cool (91-180)
TXN002452,C00506,2024-11-14,Sports,Bicycle,2,116.3,0.05,220.98,Loyal Frequent,At Risk (180+)
TXN001267,C00244,2024-11-14,Home,Bedding,3,351.89,0.05,1002.9,High-Value Champions,Cool (91-180)
TXN002518,C00521,2024-11-14,Electronics,Smartwatch,2,33.56,0.0,67.13,Potential / Occasional,At Risk (180+)
TXN002843,C00585,2024-11-15,Beauty,Skincare,3,421.54,0.0,1264.63,High-Value Champions,Cool (91-180)
TXN000807,C00145,2024-11-15,Electronics,Headphones,1,141.91,0.1,127.72,Potential / Occasional,At Risk (180+)
TXN001302,C00249,2024-11-16,Clothing,Jacket,2,337.25,0.0,674.49,High-Value Champions,Warm (31-90)
TXN001994,C00393,2024-11-16,Electronics,Headphones,3,118.99,0.05,339.12,Potential / Occasional,Warm (31-90)
TXN002550,C00531,2024-11-16,Sports,Dumbbells,3,40.02,0.1,108.05,Potential / Occasional,At Risk (180+)
TXN002770,C00568,2024-11-16,Home,Bedding,3,85.77,0.0,257.32,Potential / Occasional,At Risk (180+)
TXN001898,C00377,2024-11-16,Beauty,Haircare,1,46.94,0.0,46.94,Loyal Frequent,Cool (91-180)
TXN000630,C00116,2024-11-16,Electronics,Laptop,3,341.57,0.0,1024.72,High-Value Champions,Warm (31-90)
TXN000727,C00130,2024-11-17,Electronics,Smartwatch,3,272.73,0.0,818.18,High-Value Champions,Warm (31-90)
TXN001029,C00194,2024-11-17,Home,Sofa,2,209.4,0.05,397.87,Loyal Frequent,At Risk (180+)
TXN000072,C00013,2024-11-18,Sports,Yoga Mat,2,236.63,0.15,402.28,High-Value Champions,Active (0-30)
TXN000226,C00042,2024-11-19,Sports,Dumbbells,3,56.15,0.1,151.61,Potential / Occasional,At Risk (180+)
TXN001558,C00300,2024-11-19,Electronics,Laptop,1,137.23,0.0,137.23,High-Value Champions,Active (0-30)
TXN001941,C00384,2024-11-19,Electronics,Smartwatch,3,309.36,0.1,835.28,High-Value Champions,Warm (31-90)
TXN001065,C00199,2024-11-20,Clothing,Jacket,2,378.48,0.1,681.27,High-Value Champions,Warm (31-90)
TXN002733,C00561,2024-11-20,Electronics,Laptop,3,22.54,0.05,64.24,Potential / Occasional,At Risk (180+)
TXN002281,C00462,2024-11-20,Clothing,Dress,3,194.17,0.0,582.5,Loyal Frequent,Cool (91-180)
TXN003377,C00718,2024-11-21,Electronics,Tablet,1,183.73,0.0,183.73,Potential / Occasional,At Risk (180+)
TXN001398,C00270,2024-11-21,Home,Lamp,3,417.31,0.1,1126.73,High-Value Champions,Warm (31-90)
TXN002840,C00585,2024-11-22,Sports,Running Shoes,3,282.48,0.05,805.07,High-Value Champions,Cool (91-180)
TXN002529,C00524,2024-11-22,Clothing,T-Shirt,1,152.6,0.0,152.6,Loyal Frequent,Cool (91-180)
TXN002378,C00490,2024-11-23,Beauty,Skincare,1,241.55,0.0,241.55,Potential / Occasional,Active (0-30)
TXN002345,C00481,2024-11-23,Electronics,Smartphone,3,81.74,0.0,245.22,Potential / Occasional,At Risk (180+)
TXN001429,C00276,2024-11-23,Home,Cookware,3,120.84,0.05,344.4,Loyal Frequent,At Risk (180+)
TXN001618,C00315,2024-11-23,Electronics,Tablet,1,65.81,0.05,62.52,Loyal Frequent,At Risk (180+)
TXN002406,C00497,2024-11-23,Electronics,Headphones,3,209.54,0.15,534.32,High-Value Champions,At Risk (180+)
TXN000372,C00067,2024-11-24,Sports,Yoga Mat,1,411.73,0.0,411.73,High-Value Champions,Warm (31-90)
TXN002669,C00551,2024-11-25,Electronics,Headphones,2,369.24,0.05,701.55,High-Value Champions,Warm (31-90)
TXN002276,C00462,2024-11-25,Clothing,Jeans,3,138.75,0.05,395.44,Loyal Frequent,Cool (91-180)
TXN002328,C00475,2024-11-25,Electronics,Tablet,3,227.93,0.0,683.79,Potential / Occasional,At Risk (180+)
TXN001960,C00387,2024-11-26,Beauty,Skincare,3,418.34,0.0,1255.03,High-Value Champions,Warm (31-90)
TXN000840,C00153,2024-11-26,Home,Cookware,3,339.89,0.2,815.73,Loyal Frequent,At Risk (180+)
TXN003510,C00754,2024-11-27,Home,Decor,2,327.77,0.15,557.22,High-Value Champions,Active (0-30)
TXN002084,C00415,2024-11-27,Sports,Dumbbells,3,51.34,0.1,138.62,Potential / Occasional,At Risk (180+)
TXN001270,C00244,2024-11-27,Sports,Dumbbells,2,378.13,0.0,756.25,High-Value Champions,Cool (91-180)
TXN000098,C00014,2024-11-27,Home,Decor,3,390.15,0.0,1170.44,High-Value Champions,Active (0-30)
TXN002946,C00615,2024-11-28,Home,Bedding,3,228.07,0.1,615.79,Loyal Frequent,At Risk (180+)
TXN002012,C00398,2024-11-28,Electronics,Tablet,1,71.55,0.0,71.55,Potential / Occasional,Active (0-30)
TXN000724,C00130,2024-11-28,Home,Bedding,3,418.66,0.15,1067.58,High-Value Champions,Warm (31-90)
TXN002563,C00534,2024-11-29,Home,Sofa,1,46.8,0.05,44.46,Potential / Occasional,Cool (91-180)
TXN000551,C00102,2024-12-01,Clothing,Dress,1,313.39,0.0,313.39,High-Value Champions,Warm (31-90)
TXN002732,C00560,2024-12-02,Beauty,Haircare,2,94.64,0.0,189.27,Potential / Occasional,At Risk (180+)
TXN002079,C00414,2024-12-02,Beauty,Skincare,3,168.14,0.15,428.75,Loyal Frequent,Cool (91-180)
TXN003579,C00766,2024-12-03,Clothing,Jeans,3,177.93,0.0,533.78,Loyal Frequent,At Risk (180+)
TXN000468,C00088,2024-12-03,Beauty,Makeup,1,438.76,0.0,438.76,High-Value Champions,Warm (31-90)
TXN002214,C00449,2024-12-03,Clothing,Jeans,2,125.07,0.15,212.62,Loyal Frequent,Cool (91-180)
TXN001572,C00301,2024-12-03,Home,Bedding,2,296.03,0.0,592.06,Loyal Frequent,Cool (91-180)
TXN001146,C00215,2024-12-03,Beauty,Perfume,3,129.86,0.1,350.61,High-Value Champions,Active (0-30)
TXN001556,C00299,2024-12-04,Sports,Dumbbells,3,195.47,0.15,498.44,Loyal Frequent,Warm (31-90)
TXN001848,C00364,2024-12-04,Electronics,Headphones,3,91.72,0.0,275.15,Potential / Occasional,Warm (31-90)
TXN003700,C00795,2024-12-05,Electronics,Tablet,3,181.46,0.2,435.51,Potential / Occasional,Cool (91-180)
TXN001607,C00313,2024-12-06,Home,Cookware,3,93.49,0.0,280.47,Loyal Frequent,At Risk (180+)
TXN001560,C00300,2024-12-06,Home,Cookware,1,201.84,0.2,161.47,High-Value Champions,Active (0-30)
TXN002416,C00498,2024-12-06,Clothing,Jeans,2,198.42,0.05,377.0,Potential / Occasional,At Risk (180+)
TXN003694,C00794,2024-12-06,Clothing,Dress,2,147.56,0.05,280.37,Potential / Occasional,Active (0-30)
TXN000863,C00158,2024-12-06,Beauty,Haircare,2,80.81,0.0,161.62,Loyal Frequent,At Risk (180+)
TXN002145,C00430,2024-12-06,Sports,Dumbbells,2,75.26,0.15,127.94,Loyal Frequent,Active (0-30)
TXN000024,C00006,2024-12-07,Electronics,Headphones,1,53.96,0.05,51.26,Loyal Frequent,Active (0-30)
TXN003328,C00702,2024-12-07,Electronics,Smartwatch,2,112.56,0.0,225.13,Loyal Frequent,Warm (31-90)
TXN002768,C00567,2024-12-08,Home,Cookware,2,32.06,0.2,51.29,Potential / Occasional,At Risk (180+)
TXN002858,C00589,2024-12-08,Sports,Running Shoes,2,343.65,0.1,618.58,Loyal Frequent,At Risk (180+)
TXN002226,C00452,2024-12-09,Clothing,Sneakers,3,175.03,0.1,472.59,Potential / Occasional,Cool (91-180)
TXN003238,C00681,2024-12-10,Electronics,Headphones,1,281.58,0.05,267.5,Loyal Frequent,At Risk (180+)
TXN000538,C00101,2024-12-10,Sports,Dumbbells,3,195.54,0.0,586.62,Loyal Frequent,At Risk (180+)
TXN000782,C00138,2024-12-10,Electronics,Smartphone,3,425.06,0.05,1211.43,High-Value Champions,Active (0-30)
TXN001772,C00347,2024-12-10,Sports,Bicycle,2,63.6,0.0,127.2,Potential / Occasional,At Risk (180+)
TXN001217,C00230,2024-12-10,Electronics,Laptop,3,285.09,0.0,855.27,Loyal Frequent,Cool (91-180)
TXN001360,C00258,2024-12-10,Beauty,Skincare,3,196.22,0.15,500.36,High-Value Champions,Warm (31-90)
TXN002300,C00470,2024-12-10,Clothing,Jeans,2,66.01,0.1,118.82,Potential / Occasional,At Risk (180+)
TXN002128,C00427,2024-12-11,Sports,Dumbbells,2,276.02,0.0,552.03,High-Value Champions,Warm (31-90)
TXN003081,C00648,2024-12-11,Electronics,Smartwatch,2,69.19,0.0,138.37,Potential / Occasional,At Risk (180+)
TXN003475,C00743,2024-12-12,Home,Bedding,2,121.7,0.2,194.71,Potential / Occasional,At Risk (180+)
TXN003453,C00736,2024-12-12,Home,Bedding,3,110.03,0.0,330.08,Loyal Frequent,Warm (31-90)
TXN000328,C00058,2024-12-12,Sports,Dumbbells,2,273.66,0.05,519.95,High-Value Champions,Active (0-30)
TXN000936,C00173,2024-12-13,Home,Sofa,2,78.41,0.2,125.46,Potential / Occasional,At Risk (180+)
TXN001124,C00213,2024-12-13,Home,Decor,3,176.82,0.0,530.46,High-Value Champions,Active (0-30)
TXN003447,C00734,2024-12-13,Electronics,Smartphone,3,45.77,0.0,137.32,Loyal Frequent,Active (0-30)
TXN002692,C00553,2024-12-14,Electronics,Tablet,1,202.42,0.05,192.3,Loyal Frequent,Warm (31-90)
TXN003557,C00758,2024-12-14,Sports,Running Shoes,1,108.87,0.0,108.87,Potential / Occasional,At Risk (180+)
TXN003609,C00776,2024-12-14,Clothing,T-Shirt,1,84.42,0.0,84.42,Loyal Frequent,Cool (91-180)
TXN001934,C00384,2024-12-15,Sports,Running Shoes,2,86.79,0.1,156.21,High-Value Champions,Warm (31-90)
TXN001308,C00249,2024-12-15,Electronics,Tablet,3,352.3,0.0,1056.91,High-Value Champions,Warm (31-90)
TXN000611,C00113,2024-12-16,Home,Lamp,1,44.3,0.2,35.44,Potential / Occasional,At Risk (180+)
TXN001701,C00332,2024-12-16,Clothing,Dress,3,58.11,0.05,165.62,Loyal Frequent,Warm (31-90)
TXN000624,C00116,2024-12-16,Clothing,T-Shirt,2,327.16,0.0,654.32,High-Value Champions,Warm (31-90)
TXN000466,C00088,2024-12-17,Clothing,Jeans,2,112.36,0.0,224.71,High-Value Champions,Warm (31-90)
TXN000115,C00019,2024-12-17,Home,Decor,3,167.72,0.0,503.16,High-Value Champions,Cool (91-180)
TXN001283,C00246,2024-12-18,Sports,Dumbbells,1,99.83,0.05,94.84,Potential / Occasional,Cool (91-180)
TXN001430,C00276,2024-12-18,Clothing,Jacket,2,242.18,0.0,484.37,Loyal Frequent,At Risk (180+)
TXN002810,C00578,2024-12-18,Sports,Yoga Mat,2,170.56,0.05,324.07,Loyal Frequent,Cool (91-180)
TXN003013,C00631,2024-12-19,Home,Lamp,2,306.76,0.0,613.51,Loyal Frequent,Warm (31-90)
TXN000175,C00035,2024-12-19,Home,Cookware,2,123.9,0.0,247.8,High-Value Champions,Active (0-30)
TXN001713,C00333,2024-12-19,Home,Lamp,2,277.55,0.2,444.09,High-Value Champions,Active (0-30)
TXN000085,C00014,2024-12-19,Electronics,Smartwatch,1,385.85,0.0,385.85,High-Value Champions,Active (0-30)
TXN001846,C00364,2024-12-20,Clothing,Dress,3,115.24,0.1,311.15,Potential / Occasional,Warm (31-90)
TXN001420,C00273,2024-12-20,Clothing,Jeans,2,91.96,0.1,165.53,Loyal Frequent,At Risk (180+)
TXN003573,C00763,2024-12-20,Sports,Bicycle,3,92.11,0.05,262.52,Potential / Occasional,At Risk (180+)
TXN001227,C00236,2024-12-20,Home,Decor,2,107.3,0.0,214.6,Loyal Frequent,At Risk (180+)
TXN001027,C00194,2024-12-21,Sports,Bicycle,2,230.21,0.05,437.4,Loyal Frequent,At Risk (180+)
TXN003323,C00702,2024-12-21,Electronics,Tablet,3,93.57,0.0,280.72,Loyal Frequent,Warm (31-90)
TXN003189,C00675,2024-12-21,Clothing,Sneakers,1,237.38,0.0,237.38,High-Value Champions,Cool (91-180)
TXN003348,C00705,2024-12-22,Sports,Yoga Mat,2,228.9,0.0,457.8,Loyal Frequent,Warm (31-90)
TXN000134,C00023,2024-12-22,Beauty,Perfume,3,95.35,0.0,286.06,Loyal Frequent,Cool (91-180)
TXN003051,C00638,2024-12-24,Clothing,T-Shirt,2,405.35,0.0,810.7,High-Value Champions,Warm (31-90)
TXN000996,C00189,2024-12-24,Beauty,Makeup,1,75.09,0.1,67.58,Potential / Occasional,Warm (31-90)
TXN000449,C00085,2024-12-24,Sports,Dumbbells,1,432.02,0.0,432.02,Loyal Frequent,Warm (31-90)
TXN001809,C00354,2024-12-24,Home,Lamp,1,98.79,0.05,93.85,Loyal Frequent,At Risk (180+)
TXN002885,C00596,2024-12-24,Home,Lamp,3,394.49,0.05,1124.3,Loyal Frequent,Warm (31-90)
TXN002919,C00606,2024-12-24,Electronics,Smartwatch,3,145.02,0.0,435.06,Potential / Occasional,Cool (91-180)
TXN001949,C00387,2024-12-25,Sports,Bicycle,1,80.07,0.1,72.06,High-Value Champions,Warm (31-90)
TXN003461,C00738,2024-12-25,Sports,Bicycle,3,24.21,0.05,69.01,Potential / Occasional,At Risk (180+)
TXN002547,C00530,2024-12-25,Home,Lamp,3,158.69,0.05,452.26,Potential / Occasional,At Risk (180+)
TXN002528,C00524,2024-12-25,Clothing,Sneakers,1,96.82,0.1,87.14,Loyal Frequent,Cool (91-180)
TXN001832,C00361,2024-12-25,Clothing,Jacket,1,171.93,0.0,171.93,High-Value Champions,Warm (31-90)
TXN002472,C00513,2024-12-25,Electronics,Laptop,1,68.47,0.0,68.47,Potential / Occasional,At Risk (180+)
TXN003204,C00676,2024-12-26,Electronics,Tablet,2,145.26,0.0,290.52,Loyal Frequent,At Risk (180+)
TXN001215,C00230,2024-12-26,Beauty,Haircare,2,147.27,0.05,279.81,Loyal Frequent,Cool (91-180)
TXN003606,C00775,2024-12-26,Beauty,Haircare,1,64.76,0.05,61.52,Potential / Occasional,At Risk (180+)
TXN002923,C00607,2024-12-26,Sports,Running Shoes,3,91.56,0.0,274.67,Loyal Frequent,At Risk (180+)
TXN002581,C00539,2024-12-26,Clothing,Sneakers,2,117.33,0.2,187.72,Loyal Frequent,At Risk (180+)
TXN001944,C00386,2024-12-27,Clothing,Jacket,2,43.33,0.0,86.66,Potential / Occasional,Cool (91-180)
TXN001408,C00270,2024-12-27,Electronics,Laptop,1,168.69,0.0,168.69,High-Value Champions,Warm (31-90)
TXN001675,C00327,2024-12-28,Home,Bedding,2,294.43,0.15,500.53,Loyal Frequent,Warm (31-90)
TXN000582,C00107,2024-12-28,Beauty,Skincare,1,45.37,0.0,45.37,Potential / Occasional,At Risk (180+)
TXN002247,C00455,2024-12-28,Electronics,Laptop,3,99.14,0.05,282.56,Potential / Occasional,Cool (91-180)
TXN000383,C00068,2024-12-28,Electronics,Laptop,3,136.29,0.05,388.42,Loyal Frequent,At Risk (180+)
TXN000854,C00154,2024-12-28,Clothing,Dress,2,174.23,0.0,348.45,High-Value Champions,Cool (91-180)
TXN000740,C00133,2024-12-28,Clothing,T-Shirt,1,106.85,0.05,101.51,Potential / Occasional,At Risk (180+)
TXN000378,C00067,2024-12-29,Clothing,T-Shirt,3,307.71,0.0,923.12,High-Value Champions,Warm (31-90)
TXN002501,C00518,2024-12-29,Home,Lamp,1,181.01,0.15,153.86,High-Value Champions,Cool (91-180)
TXN000516,C00097,2024-12-30,Home,Cookware,3,285.53,0.0,856.6,High-Value Champions,Cool (91-180)
TXN000758,C00137,2024-12-30,Clothing,Sneakers,2,127.29,0.05,241.85,High-Value Champions,Warm (31-90)
TXN001391,C00267,2024-12-30,Clothing,Jacket,2,99.64,0.0,199.28,Potential / Occasional,At Risk (180+)
TXN002784,C00571,2024-12-31,Clothing,T-Shirt,1,98.48,0.0,98.48,Loyal Frequent,Cool (91-180)
TXN000251,C00044,2025-01-01,Beauty,Perfume,1,252.17,0.05,239.57,High-Value Champions,Cool (91-180)
TXN001074,C00201,2025-01-01,Home,Bedding,1,120.27,0.05,114.26,Potential / Occasional,Cool (91-180)
TXN001863,C00370,2025-01-01,Home,Decor,3,93.55,0.0,280.65,Potential / Occasional,Cool (91-180)
TXN002187,C00439,2025-01-01,Electronics,Tablet,1,41.85,0.15,35.57,Potential / Occasional,Cool (91-180)
TXN000010,C00004,2025-01-01,Home,Decor,1,152.49,0.0,152.49,Potential / Occasional,Warm (31-90)
TXN002720,C00557,2025-01-01,Beauty,Haircare,1,140.59,0.05,133.57,Loyal Frequent,Active (0-30)
TXN000076,C00013,2025-01-01,Electronics,Smartphone,1,448.98,0.15,381.63,High-Value Champions,Active (0-30)
TXN000825,C00148,2025-01-01,Home,Lamp,1,50.0,0.1,45.0,Potential / Occasional,Cool (91-180)
TXN001585,C00306,2025-01-02,Electronics,Laptop,2,15.62,0.2,25.0,Potential / Occasional,Cool (91-180)
TXN000880,C00161,2025-01-02,Home,Lamp,3,124.07,0.0,372.21,Loyal Frequent,Cool (91-180)
TXN002169,C00435,2025-01-02,Beauty,Haircare,2,179.1,0.0,358.21,High-Value Champions,Cool (91-180)
TXN001403,C00270,2025-01-03,Clothing,Sneakers,2,233.49,0.0,466.99,High-Value Champions,Warm (31-90)
TXN000690,C00125,2025-01-04,Beauty,Makeup,1,227.25,0.0,227.25,High-Value Champions,Warm (31-90)
TXN001143,C00215,2025-01-04,Sports,Dumbbells,1,208.12,0.1,187.31,High-Value Champions,Active (0-30)
TXN003454,C00736,2025-01-05,Home,Decor,1,109.36,0.0,109.36,Loyal Frequent,Warm (31-90)
TXN002880,C00595,2025-01-05,Sports,Bicycle,2,115.92,0.0,231.83,Potential / Occasional,Cool (91-180)
TXN002022,C00399,2025-01-05,Electronics,Tablet,1,441.3,0.05,419.24,Loyal Frequent,Active (0-30)
TXN003702,C00796,2025-01-05,Sports,Running Shoes,3,243.34,0.0,730.03,Loyal Frequent,Cool (91-180)
TXN000958,C00180,2025-01-05,Clothing,Sneakers,1,220.26,0.15,187.22,Potential / Occasional,Cool (91-180)
TXN001077,C00202,2025-01-05,Beauty,Skincare,1,197.39,0.0,197.39,Loyal Frequent,Cool (91-180)
TXN001290,C00248,2025-01-05,Electronics,Smartwatch,3,43.02,0.0,129.07,Potential / Occasional,Cool (91-180)
TXN002346,C00482,2025-01-06,Home,Sofa,2,54.35,0.1,97.84,Loyal Frequent,Warm (31-90)
TXN002293,C00468,2025-01-06,Sports,Yoga Mat,1,44.25,0.0,44.25,Loyal Frequent,Warm (31-90)
TXN003410,C00726,2025-01-06,Home,Sofa,3,282.39,0.05,804.81,Loyal Frequent,Active (0-30)
TXN002061,C00409,2025-01-06,Beauty,Perfume,2,423.15,0.0,846.29,Loyal Frequent,Cool (91-180)
TXN000602,C00111,2025-01-06,Sports,Yoga Mat,1,78.7,0.0,78.7,Potential / Occasional,Cool (91-180)
TXN000645,C00119,2025-01-06,Home,Lamp,1,211.11,0.0,211.11,Potential / Occasional,Cool (91-180)
TXN002380,C00491,2025-01-07,Home,Cookware,1,105.49,0.0,105.49,Potential / Occasional,Cool (91-180)
TXN000895,C00164,2025-01-07,Home,Decor,1,209.85,0.15,178.37,Potential / Occasional,Cool (91-180)
TXN003536,C00755,2025-01-08,Clothing,Jeans,2,88.48,0.0,176.96,High-Value Champions,Active (0-30)
TXN001206,C00229,2025-01-08,Sports,Running Shoes,2,45.08,0.0,90.17,Potential / Occasional,Cool (91-180)
TXN003164,C00666,2025-01-09,Home,Lamp,1,203.05,0.0,203.05,High-Value Champions,Warm (31-90)
TXN000621,C00115,2025-01-09,Home,Lamp,1,107.67,0.0,107.67,Potential / Occasional,Cool (91-180)
TXN002181,C00437,2025-01-09,Electronics,Smartwatch,1,76.69,0.15,65.19,Potential / Occasional,Cool (91-180)
TXN002098,C00419,2025-01-09,Home,Sofa,3,108.62,0.0,325.85,Loyal Frequent,Cool (91-180)
TXN003677,C00790,2025-01-10,Beauty,Perfume,1,117.89,0.0,117.89,Potential / Occasional,Cool (91-180)
TXN000424,C00080,2025-01-10,Clothing,T-Shirt,1,132.54,0.0,132.54,Potential / Occasional,Active (0-30)
TXN000097,C00014,2025-01-10,Home,Bedding,1,254.22,0.0,254.22,High-Value Champions,Active (0-30)
TXN001923,C00382,2025-01-11,Sports,Yoga Mat,2,294.52,0.05,559.59,Loyal Frequent,Cool (91-180)
TXN003655,C00785,2025-01-11,Sports,Dumbbells,3,236.66,0.2,567.97,Loyal Frequent,Cool (91-180)
TXN002533,C00525,2025-01-12,Beauty,Makeup,1,138.25,0.05,131.34,Potential / Occasional,Cool (91-180)
TXN002156,C00433,2025-01-12,Clothing,Dress,3,289.97,0.05,826.41,High-Value Champions,Warm (31-90)
TXN000527,C00098,2025-01-13,Clothing,Jacket,2,169.61,0.1,305.3,Potential / Occasional,Active (0-30)
TXN000325,C00055,2025-01-13,Electronics,Smartwatch,3,58.48,0.05,166.68,Potential / Occasional,Cool (91-180)
TXN001732,C00335,2025-01-14,Home,Sofa,2,373.01,0.15,634.11,High-Value Champions,Cool (91-180)
TXN000853,C00154,2025-01-14,Beauty,Skincare,2,262.59,0.1,472.66,High-Value Champions,Cool (91-180)
TXN002381,C00491,2025-01-15,Electronics,Smartwatch,1,17.62,0.0,17.62,Potential / Occasional,Cool (91-180)
TXN000302,C00051,2025-01-15,Home,Bedding,3,127.14,0.05,362.35,Potential / Occasional,Cool (91-180)
TXN002252,C00457,2025-01-15,Clothing,Jacket,3,107.08,0.2,256.98,Potential / Occasional,Cool (91-180)
TXN001679,C00328,2025-01-15,Home,Lamp,3,277.4,0.05,790.6,High-Value Champions,Cool (91-180)
TXN001540,C00296,2025-01-16,Beauty,Perfume,3,178.42,0.0,535.27,Loyal Frequent,Cool (91-180)
TXN001148,C00215,2025-01-17,Electronics,Headphones,2,265.72,0.15,451.72,High-Value Champions,Active (0-30)
TXN002981,C00627,2025-01-17,Home,Sofa,2,122.67,0.2,196.28,Loyal Frequent,Cool (91-180)
TXN001427,C00275,2025-01-17,Sports,Bicycle,2,40.37,0.1,72.66,Potential / Occasional,Cool (91-180)
TXN002384,C00493,2025-01-17,Beauty,Makeup,2,122.41,0.15,208.11,Loyal Frequent,Warm (31-90)
TXN002842,C00585,2025-01-17,Sports,Yoga Mat,2,287.39,0.05,546.05,High-Value Champions,Cool (91-180)
TXN000584,C00108,2025-01-18,Beauty,Perfume,2,165.54,0.1,297.97,Loyal Frequent,Active (0-30)
TXN002816,C00579,2025-01-18,Clothing,Jeans,1,27.59,0.15,23.45,Potential / Occasional,Cool (91-180)
TXN002420,C00499,2025-01-18,Sports,Yoga Mat,3,227.85,0.1,615.2,Loyal Frequent,Active (0-30)
TXN001213,C00230,2025-01-18,Home,Lamp,1,240.5,0.0,240.5,Loyal Frequent,Cool (91-180)
TXN001802,C00353,2025-01-19,Sports,Yoga Mat,1,52.27,0.0,52.27,Potential / Occasional,Cool (91-180)
TXN000047,C00008,2025-01-19,Home,Lamp,2,99.7,0.0,199.4,Potential / Occasional,Cool (91-180)
TXN003108,C00656,2025-01-19,Electronics,Smartphone,2,183.89,0.0,367.78,Loyal Frequent,Cool (91-180)
TXN000748,C00135,2025-01-20,Clothing,Dress,2,39.86,0.1,71.75,Potential / Occasional,Cool (91-180)
TXN000027,C00007,2025-01-20,Home,Bedding,2,152.14,0.1,273.85,High-Value Champions,Active (0-30)
TXN002786,C00571,2025-01-20,Electronics,Headphones,3,66.6,0.0,199.79,Loyal Frequent,Cool (91-180)
TXN000675,C00123,2025-01-20,Electronics,Tablet,1,401.16,0.1,361.04,High-Value Champions,Active (0-30)
TXN000299,C00051,2025-01-21,Home,Lamp,2,223.26,0.15,379.54,Potential / Occasional,Cool (91-180)
TXN002010,C00397,2025-01-22,Electronics,Tablet,1,78.71,0.05,74.77,Potential / Occasional,Cool (91-180)
TXN000120,C00019,2025-01-22,Home,Decor,3,256.0,0.0,768.01,High-Value Champions,Cool (91-180)
TXN003615,C00776,2025-01-22,Home,Cookware,1,106.24,0.15,90.3,Loyal Frequent,Cool (91-180)
TXN001833,C00361,2025-01-22,Home,Decor,2,267.64,0.05,508.52,High-Value Champions,Warm (31-90)
TXN000427,C00081,2025-01-22,Beauty,Perfume,1,58.59,0.0,58.59,Potential / Occasional,Cool (91-180)
TXN000385,C00069,2025-01-23,Home,Lamp,3,129.18,0.0,387.55,High-Value Champions,Warm (31-90)
TXN000417,C00079,2025-01-23,Beauty,Makeup,3,224.65,0.05,640.25,Loyal Frequent,Cool (91-180)
TXN002246,C00455,2025-01-23,Sports,Dumbbells,3,37.45,0.0,112.36,Potential / Occasional,Cool (91-180)
TXN000629,C00116,2025-01-24,Home,Decor,2,319.87,0.0,639.74,High-Value Champions,Warm (31-90)
TXN003636,C00781,2025-01-24,Beauty,Perfume,3,86.35,0.15,220.19,Loyal Frequent,Cool (91-180)
TXN000246,C00044,2025-01-24,Clothing,Dress,2,163.72,0.0,327.44,High-Value Champions,Cool (91-180)
TXN002708,C00554,2025-01-24,Sports,Dumbbells,2,314.78,0.1,566.61,High-Value Champions,Cool (91-180)
TXN003260,C00686,2025-01-25,Sports,Dumbbells,1,62.11,0.0,62.11,Potential / Occasional,Cool (91-180)
TXN002460,C00508,2025-01-25,Home,Lamp,2,83.47,0.05,158.59,Potential / Occasional,Cool (91-180)
TXN001986,C00391,2025-01-25,Home,Bedding,3,234.02,0.1,631.84,High-Value Champions,Active (0-30)
TXN000467,C00088,2025-01-25,Electronics,Smartwatch,2,94.73,0.0,189.46,High-Value Champions,Warm (31-90)
TXN002792,C00573,2025-01-25,Electronics,Tablet,3,32.99,0.0,98.96,Potential / Occasional,Cool (91-180)
TXN002771,C00569,2025-01-25,Clothing,T-Shirt,1,52.19,0.1,46.97,Potential / Occasional,Cool (91-180)
TXN001988,C00391,2025-01-26,Beauty,Skincare,3,260.85,0.0,782.55,High-Value Champions,Active (0-30)
TXN003295,C00695,2025-01-26,Clothing,Jeans,1,215.91,0.0,215.91,Potential / Occasional,Active (0-30)
TXN003252,C00684,2025-01-26,Home,Lamp,2,52.92,0.0,105.85,Potential / Occasional,Cool (91-180)
TXN003327,C00702,2025-01-26,Sports,Bicycle,1,206.54,0.05,196.22,Loyal Frequent,Warm (31-90)
TXN002018,C00399,2025-01-27,Home,Decor,3,158.37,0.0,475.1,Loyal Frequent,Active (0-30)
TXN000736,C00131,2025-01-27,Electronics,Smartwatch,2,87.52,0.0,175.04,Loyal Frequent,Warm (31-90)
TXN003152,C00665,2025-01-28,Beauty,Haircare,3,181.49,0.05,517.24,Potential / Occasional,Warm (31-90)
TXN002979,C00627,2025-01-28,Electronics,Laptop,3,65.67,0.0,197.02,Loyal Frequent,Cool (91-180)
TXN001759,C00343,2025-01-29,Beauty,Haircare,2,77.7,0.0,155.39,Loyal Frequent,Cool (91-180)
TXN003698,C00795,2025-01-29,Home,Lamp,1,244.65,0.0,244.65,Potential / Occasional,Cool (91-180)
TXN003419,C00727,2025-01-30,Electronics,Tablet,3,222.03,0.15,566.19,Loyal Frequent,Cool (91-180)
TXN002064,C00409,2025-01-30,Electronics,Smartwatch,2,321.52,0.0,643.04,Loyal Frequent,Cool (91-180)
TXN001926,C00383,2025-01-30,Home,Cookware,1,53.37,0.0,53.37,Potential / Occasional,Cool (91-180)
TXN003653,C00785,2025-01-31,Electronics,Smartwatch,3,92.98,0.0,278.94,Loyal Frequent,Cool (91-180)
TXN001653,C00320,2025-01-31,Sports,Bicycle,3,143.39,0.0,430.17,Loyal Frequent,Warm (31-90)
TXN001911,C00380,2025-01-31,Clothing,T-Shirt,1,90.47,0.2,72.38,Potential / Occasional,Cool (91-180)
TXN002869,C00591,2025-01-31,Home,Decor,2,254.84,0.0,509.67,Loyal Frequent,Cool (91-180)
TXN001625,C00316,2025-01-31,Sports,Yoga Mat,1,194.25,0.05,184.54,Loyal Frequent,Warm (31-90)
TXN001118,C00213,2025-01-31,Sports,Dumbbells,3,204.18,0.0,612.53,High-Value Champions,Active (0-30)
TXN002965,C00622,2025-01-31,Beauty,Skincare,1,55.63,0.0,55.63,Potential / Occasional,Cool (91-180)
TXN001990,C00391,2025-02-02,Sports,Bicycle,2,329.82,0.0,659.64,High-Value Champions,Active (0-30)
TXN000138,C00023,2025-02-02,Clothing,Jacket,2,208.35,0.1,375.03,Loyal Frequent,Cool (91-180)
TXN002877,C00594,2025-02-03,Beauty,Haircare,2,185.49,0.05,352.43,Potential / Occasional,Active (0-30)
TXN003129,C00659,2025-02-03,Sports,Bicycle,1,43.17,0.0,43.17,Loyal Frequent,Cool (91-180)
TXN002509,C00519,2025-02-03,Clothing,T-Shirt,1,56.79,0.0,56.79,Potential / Occasional,Cool (91-180)
TXN001045,C00195,2025-02-03,Clothing,Dress,1,126.04,0.0,126.04,High-Value Champions,Warm (31-90)
TXN000394,C00069,2025-02-03,Clothing,Jacket,3,348.66,0.0,1045.98,High-Value Champions,Warm (31-90)
TXN002229,C00453,2025-02-03,Clothing,Jacket,3,99.53,0.15,253.79,Potential / Occasional,Cool (91-180)
TXN001683,C00328,2025-02-03,Sports,Yoga Mat,2,346.24,0.1,623.23,High-Value Champions,Cool (91-180)
TXN000238,C00043,2025-02-04,Sports,Dumbbells,3,183.21,0.05,522.14,High-Value Champions,Warm (31-90)
TXN003490,C00750,2025-02-04,Clothing,T-Shirt,1,56.38,0.05,53.56,Potential / Occasional,Cool (91-180)
TXN002544,C00529,2025-02-04,Electronics,Smartwatch,2,110.55,0.0,221.09,Potential / Occasional,Cool (91-180)
TXN000242,C00043,2025-02-05,Electronics,Headphones,3,102.57,0.2,246.17,High-Value Champions,Warm (31-90)
TXN002530,C00524,2025-02-05,Electronics,Smartphone,1,117.01,0.0,117.01,Loyal Frequent,Cool (91-180)
TXN002026,C00400,2025-02-05,Electronics,Laptop,1,119.72,0.0,119.72,Loyal Frequent,Cool (91-180)
TXN001897,C00377,2025-02-06,Home,Decor,2,50.97,0.1,91.75,Loyal Frequent,Cool (91-180)
TXN001574,C00301,2025-02-06,Home,Sofa,3,259.5,0.0,778.5,Loyal Frequent,Cool (91-180)
TXN001842,C00363,2025-02-06,Home,Lamp,2,147.14,0.1,264.86,Loyal Frequent,Cool (91-180)
TXN002954,C00617,2025-02-07,Electronics,Tablet,3,241.58,0.0,724.75,Potential / Occasional,Cool (91-180)
TXN001945,C00386,2025-02-08,Clothing,Dress,3,112.45,0.0,337.35,Potential / Occasional,Cool (91-180)
TXN003121,C00658,2025-02-08,Electronics,Headphones,1,194.75,0.1,175.28,Loyal Frequent,Cool (91-180)
TXN002095,C00419,2025-02-08,Home,Lamp,3,77.62,0.0,232.85,Loyal Frequent,Cool (91-180)
TXN003641,C00782,2025-02-08,Sports,Bicycle,1,179.49,0.1,161.54,Potential / Occasional,Cool (91-180)
TXN003705,C00796,2025-02-09,Sports,Dumbbells,2,223.9,0.2,358.23,Loyal Frequent,Cool (91-180)
TXN000873,C00159,2025-02-09,Clothing,Dress,2,67.83,0.15,115.32,Potential / Occasional,Cool (91-180)
TXN000532,C00099,2025-02-09,Home,Sofa,1,79.01,0.0,79.01,Loyal Frequent,Cool (91-180)
TXN002875,C00593,2025-02-09,Clothing,Jacket,3,46.41,0.0,139.22,Potential / Occasional,Cool (91-180)
TXN002916,C00606,2025-02-09,Clothing,T-Shirt,2,169.32,0.1,304.77,Potential / Occasional,Cool (91-180)
TXN000059,C00011,2025-02-10,Home,Lamp,2,250.63,0.05,476.2,High-Value Champions,Warm (31-90)
TXN002257,C00458,2025-02-10,Beauty,Perfume,1,141.74,0.0,141.74,Potential / Occasional,Cool (91-180)
TXN000147,C00025,2025-02-10,Clothing,Sneakers,1,82.54,0.05,78.42,Loyal Frequent,Active (0-30)
TXN000742,C00134,2025-02-11,Home,Bedding,3,191.42,0.0,574.26,Loyal Frequent,Cool (91-180)
TXN001395,C00268,2025-02-11,Sports,Dumbbells,3,226.45,0.0,679.35,Potential / Occasional,Warm (31-90)
TXN002071,C00410,2025-02-12,Electronics,Smartwatch,1,96.57,0.15,82.08,Potential / Occasional,Cool (91-180)
TXN002225,C00452,2025-02-12,Clothing,Jacket,2,56.11,0.0,112.23,Potential / Occasional,Cool (91-180)
TXN001599,C00310,2025-02-12,Sports,Bicycle,1,18.23,0.0,18.23,Potential / Occasional,Cool (91-180)
TXN002636,C00546,2025-02-12,Clothing,Jacket,3,119.06,0.0,357.19,Loyal Frequent,Cool (91-180)
TXN003199,C00675,2025-02-12,Sports,Yoga Mat,1,90.25,0.05,85.73,High-Value Champions,Cool (91-180)
TXN001943,C00385,2025-02-13,Electronics,Tablet,3,23.28,0.0,69.85,Potential / Occasional,Cool (91-180)
TXN001909,C00379,2025-02-13,Electronics,Tablet,2,225.26,0.05,427.98,Loyal Frequent,Cool (91-180)
TXN001768,C00346,2025-02-14,Sports,Bicycle,2,76.97,0.0,153.95,Potential / Occasional,Cool (91-180)
TXN002774,C00569,2025-02-14,Home,Cookware,2,100.34,0.0,200.69,Potential / Occasional,Cool (91-180)
TXN002357,C00483,2025-02-14,Home,Decor,2,69.2,0.05,131.48,Loyal Frequent,Cool (91-180)
TXN000484,C00090,2025-02-14,Electronics,Tablet,1,121.23,0.05,115.17,Loyal Frequent,Cool (91-180)
TXN000938,C00175,2025-02-15,Beauty,Perfume,3,169.24,0.0,507.72,Potential / Occasional,Warm (31-90)
TXN003465,C00741,2025-02-15,Beauty,Haircare,2,58.72,0.05,111.57,Loyal Frequent,Warm (31-90)
TXN000068,C00011,2025-02-15,Sports,Running Shoes,2,333.71,0.05,634.05,High-Value Champions,Warm (31-90)
TXN000346,C00058,2025-02-15,Electronics,Headphones,2,308.49,0.05,586.12,High-Value Champions,Active (0-30)
TXN001631,C00317,2025-02-16,Home,Decor,3,128.22,0.05,365.41,Loyal Frequent,Cool (91-180)
TXN002564,C00534,2025-02-16,Electronics,Tablet,2,112.79,0.1,203.03,Potential / Occasional,Cool (91-180)
TXN002655,C00548,2025-02-16,Sports,Bicycle,2,232.15,0.05,441.09,High-Value Champions,Warm (31-90)
TXN003333,C00704,2025-02-16,Electronics,Smartphone,2,149.61,0.0,299.23,Loyal Frequent,Warm (31-90)
TXN002809,C00578,2025-02-16,Clothing,T-Shirt,2,152.08,0.0,304.16,Loyal Frequent,Cool (91-180)
TXN000136,C00023,2025-02-16,Clothing,Dress,2,301.86,0.0,603.72,Loyal Frequent,Cool (91-180)
TXN002789,C00572,2025-02-17,Electronics,Smartphone,2,244.24,0.0,488.48,Potential / Occasional,Cool (91-180)
TXN001236,C00239,2025-02-17,Home,Decor,3,301.73,0.0,905.2,Loyal Frequent,Active (0-30)
TXN000899,C00165,2025-02-18,Sports,Running Shoes,1,115.6,0.0,115.6,Potential / Occasional,Cool (91-180)
TXN003479,C00745,2025-02-18,Home,Lamp,1,42.39,0.0,42.39,Potential / Occasional,Cool (91-180)
TXN001375,C00263,2025-02-19,Beauty,Makeup,1,271.01,0.0,271.01,Loyal Frequent,Cool (91-180)
TXN002190,C00440,2025-02-19,Home,Lamp,3,125.78,0.0,377.35,Loyal Frequent,Active (0-30)
TXN002672,C00551,2025-02-20,Sports,Yoga Mat,2,446.34,0.1,803.41,High-Value Champions,Warm (31-90)
TXN002575,C00538,2025-02-20,Sports,Running Shoes,3,107.15,0.0,321.46,Potential / Occasional,Cool (91-180)
TXN001264,C00244,2025-02-20,Beauty,Skincare,2,305.09,0.15,518.65,High-Value Champions,Cool (91-180)
TXN001303,C00249,2025-02-21,Home,Decor,2,424.41,0.05,806.38,High-Value Champions,Warm (31-90)
TXN001985,C00391,2025-02-21,Beauty,Skincare,3,260.12,0.1,702.32,High-Value Champions,Active (0-30)
TXN000054,C00009,2025-02-22,Beauty,Skincare,1,163.26,0.0,163.26,Loyal Frequent,Active (0-30)
TXN000984,C00186,2025-02-22,Home,Bedding,3,59.38,0.0,178.15,Potential / Occasional,Cool (91-180)
TXN001015,C00193,2025-02-22,Beauty,Skincare,2,300.54,0.1,540.98,High-Value Champions,Warm (31-90)
TXN001284,C00246,2025-02-22,Home,Lamp,2,31.42,0.0,62.85,Potential / Occasional,Cool (91-180)
TXN000189,C00038,2025-02-22,Electronics,Headphones,3,313.03,0.0,939.1,High-Value Champions,Active (0-30)
TXN003047,C00638,2025-02-22,Home,Lamp,1,366.57,0.0,366.57,High-Value Champions,Warm (31-90)
TXN002537,C00526,2025-02-22,Home,Decor,2,215.93,0.0,431.85,Loyal Frequent,Active (0-30)
TXN001789,C00351,2025-02-23,Sports,Yoga Mat,1,189.93,0.05,180.43,High-Value Champions,Cool (91-180)
TXN000404,C00073,2025-02-23,Home,Cookware,1,109.64,0.05,104.16,Potential / Occasional,Cool (91-180)
TXN002761,C00565,2025-02-24,Sports,Bicycle,3,115.42,0.05,328.96,Potential / Occasional,Cool (91-180)
TXN002796,C00574,2025-02-24,Home,Cookware,3,50.65,0.1,136.77,Potential / Occasional,Cool (91-180)
TXN000090,C00014,2025-02-25,Electronics,Smartwatch,3,133.31,0.0,399.93,High-Value Champions,Active (0-30)
TXN001940,C00384,2025-02-25,Sports,Running Shoes,3,412.31,0.0,1236.94,High-Value Champions,Warm (31-90)
TXN003079,C00647,2025-02-25,Electronics,Smartphone,2,136.61,0.05,259.57,Potential / Occasional,Warm (31-90)
TXN001458,C00282,2025-02-25,Beauty,Makeup,2,157.77,0.0,315.53,Loyal Frequent,Cool (91-180)
TXN000501,C00094,2025-02-26,Beauty,Haircare,2,98.97,0.0,197.93,Loyal Frequent,Cool (91-180)
TXN000393,C00069,2025-02-27,Beauty,Makeup,2,437.13,0.05,830.54,High-Value Champions,Warm (31-90)
TXN001597,C00309,2025-02-27,Beauty,Haircare,1,23.4,0.05,22.23,Potential / Occasional,Cool (91-180)
TXN001867,C00371,2025-02-27,Electronics,Laptop,2,430.78,0.05,818.48,High-Value Champions,Active (0-30)
TXN000846,C00154,2025-02-27,Beauty,Haircare,2,309.61,0.15,526.33,High-Value Champions,Cool (91-180)
TXN000803,C00144,2025-02-27,Sports,Running Shoes,3,187.29,0.15,477.58,Potential / Occasional,Warm (31-90)
TXN000470,C00088,2025-02-27,Beauty,Perfume,1,362.5,0.05,344.38,High-Value Champions,Warm (31-90)
TXN003551,C00756,2025-02-28,Sports,Running Shoes,1,264.48,0.0,264.48,High-Value Champions,Active (0-30)
TXN000149,C00026,2025-03-01,Home,Sofa,3,47.96,0.0,143.87,Potential / Occasional,Active (0-30)
TXN000437,C00083,2025-03-01,Home,Cookware,2,147.6,0.0,295.2,Loyal Frequent,Cool (91-180)
TXN000103,C00016,2025-03-01,Home,Sofa,1,116.87,0.1,105.19,Potential / Occasional,Warm (31-90)
TXN000585,C00108,2025-03-01,Clothing,Sneakers,1,187.23,0.05,177.87,Loyal Frequent,Active (0-30)
TXN000430,C00082,2025-03-01,Electronics,Headphones,2,147.7,0.1,265.87,Loyal Frequent,Cool (91-180)
TXN002338,C00478,2025-03-01,Beauty,Perfume,2,27.22,0.1,49.0,Potential / Occasional,Cool (91-180)
TXN002391,C00494,2025-03-01,Home,Bedding,3,57.29,0.0,171.86,Potential / Occasional,Cool (91-180)
TXN001042,C00195,2025-03-01,Electronics,Smartwatch,2,278.12,0.15,472.81,High-Value Champions,Warm (31-90)
TXN001036,C00195,2025-03-02,Beauty,Haircare,1,252.93,0.0,252.93,High-Value Champions,Warm (31-90)
TXN000503,C00094,2025-03-03,Clothing,T-Shirt,3,314.86,0.1,850.11,Loyal Frequent,Cool (91-180)
TXN003289,C00693,2025-03-03,Clothing,T-Shirt,3,24.42,0.2,58.6,Potential / Occasional,Cool (91-180)
TXN002895,C00598,2025-03-03,Beauty,Makeup,2,78.33,0.1,141.0,Potential / Occasional,Cool (91-180)
TXN002498,C00518,2025-03-03,Home,Bedding,3,196.27,0.15,500.49,High-Value Champions,Cool (91-180)
TXN001840,C00363,2025-03-03,Beauty,Perfume,3,110.82,0.0,332.45,Loyal Frequent,Cool (91-180)
TXN002089,C00417,2025-03-05,Sports,Dumbbells,3,95.68,0.0,287.05,Loyal Frequent,Cool (91-180)
TXN001306,C00249,2025-03-06,Clothing,Sneakers,3,379.75,0.05,1082.29,High-Value Champions,Warm (31-90)
TXN002337,C00477,2025-03-06,Beauty,Perfume,1,28.84,0.0,28.84,Potential / Occasional,Cool (91-180)
TXN002643,C00546,2025-03-07,Beauty,Haircare,2,133.76,0.1,240.76,Loyal Frequent,Cool (91-180)
TXN002192,C00440,2025-03-07,Electronics,Smartwatch,3,164.99,0.0,494.98,Loyal Frequent,Active (0-30)
TXN000948,C00178,2025-03-07,Sports,Running Shoes,3,341.21,0.0,1023.64,Loyal Frequent,Cool (91-180)
TXN002394,C00495,2025-03-07,Electronics,Headphones,2,51.5,0.0,103.0,Potential / Occasional,Warm (31-90)
TXN001070,C00200,2025-03-08,Sports,Dumbbells,1,112.34,0.0,112.34,Potential / Occasional,Active (0-30)
TXN003176,C00671,2025-03-09,Beauty,Makeup,3,41.94,0.15,106.95,Potential / Occasional,Cool (91-180)
TXN001693,C00330,2025-03-10,Beauty,Haircare,3,235.38,0.0,706.13,Loyal Frequent,Cool (91-180)
TXN001514,C00292,2025-03-10,Sports,Running Shoes,3,114.22,0.05,325.54,Potential / Occasional,Cool (91-180)
TXN000183,C00037,2025-03-10,Home,Sofa,2,70.82,0.0,141.65,Potential / Occasional,Cool (91-180)
TXN001319,C00251,2025-03-10,Electronics,Laptop,2,425.08,0.0,850.15,High-Value Champions,Warm (31-90)
TXN000988,C00188,2025-03-10,Beauty,Perfume,2,274.13,0.0,548.26,Loyal Frequent,Cool (91-180)
TXN000264,C00045,2025-03-11,Sports,Yoga Mat,2,66.75,0.0,133.5,Loyal Frequent,Cool (91-180)
TXN001905,C00379,2025-03-11,Clothing,Sneakers,3,46.73,0.0,140.2,Loyal Frequent,Cool (91-180)
TXN002278,C00462,2025-03-11,Electronics,Laptop,3,109.79,0.05,312.89,Loyal Frequent,Cool (91-180)
TXN002745,C00562,2025-03-11,Electronics,Headphones,3,316.95,0.05,903.31,High-Value Champions,Cool (91-180)
TXN002367,C00486,2025-03-12,Electronics,Tablet,1,163.95,0.0,163.95,Potential / Occasional,Cool (91-180)
TXN000972,C00185,2025-03-13,Sports,Running Shoes,1,385.47,0.0,385.47,Loyal Frequent,Cool (91-180)
TXN000400,C00072,2025-03-13,Beauty,Haircare,3,66.05,0.0,198.14,Potential / Occasional,Cool (91-180)
TXN002897,C00599,2025-03-14,Beauty,Skincare,2,87.83,0.1,158.1,Potential / Occasional,Cool (91-180)
TXN000091,C00014,2025-03-14,Sports,Dumbbells,3,243.45,0.0,730.34,High-Value Champions,Active (0-30)
TXN000923,C00167,2025-03-14,Home,Decor,2,324.32,0.0,648.65,High-Value Champions,Cool (91-180)
TXN002114,C00424,2025-03-14,Clothing,Sneakers,2,15.33,0.05,29.13,Potential / Occasional,Cool (91-180)
TXN002268,C00459,2025-03-14,Clothing,T-Shirt,1,359.34,0.0,359.34,Loyal Frequent,Warm (31-90)
TXN001676,C00327,2025-03-14,Electronics,Tablet,1,111.04,0.15,94.39,Loyal Frequent,Warm (31-90)
TXN000603,C00112,2025-03-14,Sports,Bicycle,1,366.56,0.0,366.56,Loyal Frequent,Active (0-30)
TXN002818,C00580,2025-03-15,Home,Bedding,2,175.98,0.0,351.95,Potential / Occasional,Warm (31-90)
TXN002015,C00399,2025-03-15,Home,Lamp,1,88.01,0.0,88.01,Loyal Frequent,Active (0-30)
TXN003054,C00638,2025-03-15,Beauty,Makeup,3,183.98,0.0,551.94,High-Value Champions,Warm (31-90)
TXN003611,C00776,2025-03-15,Beauty,Haircare,1,240.02,0.15,204.02,Loyal Frequent,Cool (91-180)
TXN002865,C00591,2025-03-15,Home,Lamp,3,225.87,0.1,609.85,Loyal Frequent,Cool (91-180)
TXN000349,C00060,2025-03-16,Home,Bedding,1,119.21,0.05,113.25,Potential / Occasional,Cool (91-180)
TXN002121,C00426,2025-03-17,Beauty,Haircare,3,15.93,0.0,47.78,Potential / Occasional,Cool (91-180)
TXN002664,C00549,2025-03-17,Beauty,Makeup,1,129.12,0.0,129.12,Loyal Frequent,Cool (91-180)
TXN002216,C00449,2025-03-17,Electronics,Tablet,3,147.87,0.0,443.6,Loyal Frequent,Cool (91-180)
TXN003725,C00800,2025-03-17,Sports,Yoga Mat,3,150.85,0.05,429.93,Potential / Occasional,Cool (91-180)
TXN000521,C00097,2025-03-18,Home,Lamp,2,389.52,0.15,662.18,High-Value Champions,Cool (91-180)
TXN003149,C00664,2025-03-19,Home,Cookware,2,107.93,0.0,215.86,Potential / Occasional,Cool (91-180)
TXN002503,C00518,2025-03-21,Home,Decor,3,302.74,0.1,817.39,High-Value Champions,Cool (91-180)
TXN002379,C00490,2025-03-21,Home,Lamp,3,188.12,0.0,564.37,Potential / Occasional,Active (0-30)
TXN003604,C00774,2025-03-21,Beauty,Makeup,3,212.21,0.05,604.79,Loyal Frequent,Warm (31-90)
TXN001054,C00199,2025-03-22,Clothing,Jeans,3,416.55,0.0,1249.64,High-Value Champions,Warm (31-90)
TXN002915,C00605,2025-03-22,Clothing,T-Shirt,2,37.41,0.15,63.6,Potential / Occasional,Cool (91-180)
TXN000963,C00181,2025-03-22,Electronics,Laptop,1,88.12,0.05,83.71,Potential / Occasional,Cool (91-180)
TXN002086,C00417,2025-03-22,Home,Cookware,1,180.77,0.15,153.66,Loyal Frequent,Cool (91-180)
TXN002082,C00414,2025-03-23,Sports,Dumbbells,3,73.03,0.05,208.13,Loyal Frequent,Cool (91-180)
TXN001254,C00242,2025-03-23,Beauty,Haircare,1,67.56,0.05,64.18,Potential / Occasional,Cool (91-180)
TXN002199,C00443,2025-03-23,Beauty,Perfume,1,68.15,0.15,57.93,Potential / Occasional,Cool (91-180)
TXN001050,C00196,2025-03-23,Sports,Dumbbells,2,69.02,0.0,138.04,Potential / Occasional,Cool (91-180)
TXN001781,C00350,2025-03-24,Clothing,Sneakers,3,247.15,0.0,741.46,Potential / Occasional,Warm (31-90)
TXN002349,C00482,2025-03-24,Beauty,Perfume,2,232.54,0.0,465.09,Loyal Frequent,Warm (31-90)
TXN002475,C00514,2025-03-24,Electronics,Smartwatch,1,16.07,0.05,15.27,Potential / Occasional,Cool (91-180)
TXN002706,C00554,2025-03-24,Clothing,T-Shirt,2,291.58,0.0,583.17,High-Value Champions,Cool (91-180)
TXN000517,C00097,2025-03-24,Beauty,Skincare,1,395.02,0.1,355.52,High-Value Champions,Cool (91-180)
TXN002017,C00399,2025-03-24,Electronics,Laptop,3,154.54,0.1,417.26,Loyal Frequent,Active (0-30)
TXN002989,C00628,2025-03-25,Home,Sofa,1,270.46,0.0,270.46,High-Value Champions,Cool (91-180)
TXN001773,C00348,2025-03-25,Electronics,Headphones,1,188.13,0.1,169.31,Potential / Occasional,Cool (91-180)
TXN002966,C00623,2025-03-25,Beauty,Haircare,2,184.05,0.0,368.09,Loyal Frequent,Active (0-30)
TXN001098,C00207,2025-03-27,Clothing,Jacket,3,36.86,0.0,110.59,Potential / Occasional,Cool (91-180)
TXN003403,C00725,2025-03-27,Electronics,Tablet,1,218.48,0.1,196.63,Loyal Frequent,Warm (31-90)
TXN001126,C00213,2025-03-27,Clothing,Jeans,3,158.46,0.0,475.37,High-Value Champions,Active (0-30)
TXN003464,C00740,2025-03-27,Beauty,Haircare,1,74.11,0.0,74.11,Potential / Occasional,Cool (91-180)
TXN001177,C00223,2025-03-27,Clothing,Dress,1,219.89,0.15,186.91,Loyal Frequent,Cool (91-180)
TXN002514,C00520,2025-03-27,Sports,Yoga Mat,1,127.1,0.05,120.75,Loyal Frequent,Warm (31-90)
TXN001961,C00387,2025-03-28,Sports,Dumbbells,2,197.32,0.05,374.9,High-Value Champions,Warm (31-90)
TXN001758,C00343,2025-03-28,Electronics,Tablet,3,94.32,0.05,268.8,Loyal Frequent,Cool (91-180)
TXN000234,C00043,2025-03-28,Sports,Dumbbells,1,323.99,0.05,307.79,High-Value Champions,Warm (31-90)
TXN003331,C00704,2025-03-29,Sports,Running Shoes,1,436.75,0.05,414.91,Loyal Frequent,Warm (31-90)
TXN001507,C00290,2025-03-29,Home,Lamp,1,402.46,0.0,402.46,High-Value Champions,Warm (31-90)
TXN002727,C00558,2025-03-29,Clothing,T-Shirt,3,22.3,0.0,66.9,Potential / Occasional,Cool (91-180)
TXN002728,C00559,2025-03-30,Electronics,Smartphone,2,113.9,0.0,227.79,Potential / Occasional,Cool (91-180)
TXN003126,C00659,2025-03-30,Clothing,Sneakers,1,142.78,0.1,128.51,Loyal Frequent,Cool (91-180)
TXN001242,C00239,2025-03-30,Home,Decor,1,424.27,0.0,424.27,Loyal Frequent,Active (0-30)
TXN002127,C00427,2025-03-30,Electronics,Tablet,1,220.17,0.0,220.17,High-Value Champions,Warm (31-90)
TXN002942,C00614,2025-03-30,Sports,Bicycle,3,236.99,0.05,675.41,Potential / Occasional,Cool (91-180)
TXN001702,C00332,2025-03-31,Clothing,Sneakers,3,161.05,0.0,483.14,Loyal Frequent,Warm (31-90)
TXN001719,C00334,2025-03-31,Sports,Yoga Mat,2,110.44,0.15,187.75,Potential / Occasional,Warm (31-90)
TXN000632,C00116,2025-03-31,Electronics,Headphones,2,217.66,0.0,435.31,High-Value Champions,Warm (31-90)
TXN000462,C00086,2025-03-31,Electronics,Smartphone,2,119.18,0.05,226.44,Loyal Frequent,Warm (31-90)
TXN001811,C00355,2025-04-01,Sports,Dumbbells,3,26.17,0.0,78.51,Potential / Occasional,Warm (31-90)
TXN001353,C00258,2025-04-01,Beauty,Makeup,3,293.5,0.1,792.44,High-Value Champions,Warm (31-90)
TXN001136,C00214,2025-04-01,Home,Sofa,2,171.48,0.05,325.81,Potential / Occasional,Warm (31-90)
TXN002060,C00408,2025-04-02,Clothing,Sneakers,2,110.03,0.15,187.06,Potential / Occasional,Warm (31-90)
TXN003345,C00705,2025-04-03,Home,Bedding,3,405.44,0.0,1216.32,Loyal Frequent,Warm (31-90)
TXN001003,C00190,2025-04-03,Clothing,T-Shirt,2,275.94,0.0,551.88,Loyal Frequent,Warm (31-90)
TXN001165,C00218,2025-04-03,Beauty,Haircare,3,19.94,0.0,59.82,Potential / Occasional,Warm (31-90)
TXN003456,C00736,2025-04-04,Electronics,Headphones,3,113.47,0.0,340.4,Loyal Frequent,Warm (31-90)
TXN003450,C00735,2025-04-04,Beauty,Skincare,2,21.26,0.0,42.52,Potential / Occasional,Warm (31-90)
TXN000668,C00123,2025-04-04,Home,Decor,2,378.94,0.05,719.99,High-Value Champions,Active (0-30)
TXN001651,C00320,2025-04-04,Electronics,Smartwatch,2,346.95,0.05,659.21,Loyal Frequent,Warm (31-90)
TXN001048,C00195,2025-04-04,Home,Lamp,1,309.07,0.0,309.07,High-Value Champions,Warm (31-90)
TXN001689,C00329,2025-04-06,Home,Cookware,1,75.43,0.0,75.43,Potential / Occasional,Warm (31-90)
TXN001672,C00327,2025-04-06,Beauty,Makeup,2,119.93,0.0,239.86,Loyal Frequent,Warm (31-90)
TXN001153,C00215,2025-04-07,Electronics,Smartwatch,1,188.54,0.0,188.54,High-Value Champions,Active (0-30)
TXN002262,C00459,2025-04-08,Home,Cookware,3,337.39,0.0,1012.16,Loyal Frequent,Warm (31-90)
TXN001531,C00294,2025-04-08,Home,Bedding,1,50.16,0.2,40.13,Loyal Frequent,Warm (31-90)
TXN000243,C00043,2025-04-09,Beauty,Skincare,3,436.61,0.0,1309.84,High-Value Champions,Warm (31-90)
TXN002928,C00609,2025-04-10,Sports,Yoga Mat,3,74.37,0.05,211.96,Potential / Occasional,Warm (31-90)
TXN002294,C00468,2025-04-10,Electronics,Smartwatch,3,42.99,0.15,109.62,Loyal Frequent,Warm (31-90)
TXN001601,C00311,2025-04-10,Electronics,Headphones,2,35.63,0.1,64.14,Potential / Occasional,Warm (31-90)
TXN002392,C00495,2025-04-11,Home,Sofa,2,114.04,0.15,193.87,Potential / Occasional,Warm (31-90)
TXN001276,C00245,2025-04-11,Home,Cookware,2,303.19,0.15,515.43,Loyal Frequent,Active (0-30)
TXN000788,C00139,2025-04-11,Sports,Dumbbells,3,57.72,0.05,164.51,Potential / Occasional,Warm (31-90)
TXN000802,C00144,2025-04-12,Clothing,Jacket,3,43.56,0.05,124.16,Potential / Occasional,Warm (31-90)
TXN001711,C00333,2025-04-12,Beauty,Skincare,3,297.09,0.05,846.71,High-Value Champions,Active (0-30)
TXN003219,C00677,2025-04-13,Home,Sofa,3,180.53,0.0,541.58,High-Value Champions,Active (0-30)
TXN001518,C00293,2025-04-13,Beauty,Makeup,2,189.12,0.0,378.25,High-Value Champions,Warm (31-90)
TXN000203,C00039,2025-04-13,Clothing,T-Shirt,3,128.17,0.0,384.5,Loyal Frequent,Active (0-30)
TXN002481,C00516,2025-04-14,Sports,Bicycle,1,60.13,0.1,54.12,Potential / Occasional,Warm (31-90)
TXN002478,C00515,2025-04-14,Clothing,Sneakers,2,31.81,0.05,60.44,Potential / Occasional,Warm (31-90)
TXN003016,C00632,2025-04-14,Clothing,T-Shirt,1,77.02,0.1,69.32,Potential / Occasional,Warm (31-90)
TXN003433,C00730,2025-04-14,Electronics,Laptop,3,28.21,0.05,80.41,Potential / Occasional,Warm (31-90)
TXN003334,C00704,2025-04-15,Clothing,Dress,1,204.84,0.15,174.12,Loyal Frequent,Warm (31-90)
TXN002670,C00551,2025-04-16,Electronics,Laptop,2,191.19,0.0,382.39,High-Value Champions,Warm (31-90)
TXN001282,C00245,2025-04-16,Electronics,Smartwatch,2,134.56,0.05,255.66,Loyal Frequent,Active (0-30)
TXN001469,C00286,2025-04-16,Clothing,Jacket,3,386.56,0.0,1159.67,High-Value Champions,Warm (31-90)
TXN000634,C00116,2025-04-17,Sports,Dumbbells,1,434.51,0.05,412.79,High-Value Champions,Warm (31-90)
TXN001654,C00320,2025-04-18,Sports,Dumbbells,1,112.56,0.05,106.93,Loyal Frequent,Warm (31-90)
TXN001450,C00281,2025-04-18,Home,Sofa,1,82.63,0.05,78.5,Loyal Frequent,Warm (31-90)
TXN003314,C00697,2025-04-18,Electronics,Tablet,3,229.9,0.0,689.69,High-Value Champions,Active (0-30)
TXN001400,C00270,2025-04-18,Beauty,Makeup,3,240.38,0.0,721.14,High-Value Champions,Warm (31-90)
TXN000158,C00030,2025-04-18,Sports,Bicycle,3,16.14,0.0,48.41,Potential / Occasional,Warm (31-90)
TXN000221,C00040,2025-04-18,Sports,Yoga Mat,1,262.24,0.1,236.01,High-Value Champions,Warm (31-90)
TXN000573,C00106,2025-04-19,Home,Lamp,1,109.76,0.1,98.78,Loyal Frequent,Warm (31-90)
TXN002462,C00509,2025-04-19,Electronics,Headphones,1,58.1,0.1,52.29,Potential / Occasional,Warm (31-90)
TXN000375,C00067,2025-04-20,Home,Cookware,1,417.83,0.0,417.83,High-Value Champions,Warm (31-90)
TXN001461,C00283,2025-04-20,Home,Bedding,3,100.63,0.0,301.88,Potential / Occasional,Warm (31-90)
TXN003185,C00674,2025-04-20,Clothing,Dress,3,112.5,0.05,320.64,Potential / Occasional,Warm (31-90)
TXN000836,C00152,2025-04-20,Electronics,Smartwatch,3,34.27,0.1,92.54,Potential / Occasional,Warm (31-90)
TXN001630,C00316,2025-04-21,Clothing,Sneakers,2,133.34,0.0,266.68,Loyal Frequent,Warm (31-90)
TXN000512,C00096,2025-04-21,Beauty,Perfume,2,193.56,0.15,329.06,Loyal Frequent,Warm (31-90)
TXN001305,C00249,2025-04-21,Electronics,Smartwatch,2,251.19,0.0,502.39,High-Value Champions,Warm (31-90)
TXN000069,C00011,2025-04-22,Sports,Dumbbells,1,432.81,0.0,432.81,High-Value Champions,Warm (31-90)
TXN002606,C00542,2025-04-22,Sports,Dumbbells,3,370.37,0.0,1111.1,High-Value Champions,Warm (31-90)
TXN001938,C00384,2025-04-24,Beauty,Haircare,2,166.69,0.2,266.71,High-Value Champions,Warm (31-90)
TXN000550,C00102,2025-04-24,Electronics,Laptop,1,288.92,0.05,274.47,High-Value Champions,Warm (31-90)
TXN002936,C00612,2025-04-24,Beauty,Makeup,1,159.1,0.0,159.1,Potential / Occasional,Warm (31-90)
TXN000104,C00016,2025-04-25,Beauty,Haircare,2,29.83,0.15,50.71,Potential / Occasional,Warm (31-90)
TXN003720,C00799,2025-04-25,Beauty,Makeup,1,91.12,0.2,72.9,Potential / Occasional,Warm (31-90)
TXN002516,C00520,2025-04-25,Clothing,Jeans,3,223.55,0.0,670.66,Loyal Frequent,Warm (31-90)
TXN000734,C00131,2025-04-26,Beauty,Perfume,1,159.59,0.0,159.59,Loyal Frequent,Warm (31-90)
TXN002511,C00520,2025-04-26,Clothing,Dress,3,136.71,0.05,389.63,Loyal Frequent,Warm (31-90)
TXN000689,C00125,2025-04-26,Beauty,Makeup,3,370.18,0.05,1055.01,High-Value Champions,Warm (31-90)
TXN000560,C00102,2025-04-26,Beauty,Makeup,3,376.75,0.15,960.72,High-Value Champions,Warm (31-90)
TXN002653,C00548,2025-04-27,Beauty,Haircare,1,296.63,0.0,296.63,High-Value Champions,Warm (31-90)
TXN001959,C00387,2025-04-27,Clothing,T-Shirt,3,160.34,0.1,432.92,High-Value Champions,Warm (31-90)
TXN002206,C00445,2025-04-27,Home,Lamp,1,54.37,0.0,54.37,Potential / Occasional,Warm (31-90)
TXN000676,C00123,2025-04-27,Electronics,Smartwatch,2,107.85,0.05,204.92,High-Value Champions,Active (0-30)
TXN002461,C00509,2025-04-27,Home,Decor,2,94.88,0.0,189.77,Potential / Occasional,Warm (31-90)
TXN000185,C00038,2025-04-28,Sports,Yoga Mat,2,137.82,0.0,275.65,High-Value Champions,Active (0-30)
TXN002648,C00548,2025-04-28,Clothing,Jacket,2,399.83,0.05,759.68,High-Value Champions,Warm (31-90)
TXN002819,C00580,2025-04-29,Sports,Bicycle,1,193.42,0.15,164.41,Potential / Occasional,Warm (31-90)
TXN000478,C00088,2025-04-29,Clothing,Jacket,3,323.37,0.05,921.61,High-Value Champions,Warm (31-90)
TXN000168,C00035,2025-04-29,Electronics,Smartphone,2,334.84,0.1,602.72,High-Value Champions,Active (0-30)
TXN000058,C00011,2025-04-29,Beauty,Makeup,3,158.31,0.0,474.92,High-Value Champions,Warm (31-90)
TXN001102,C00209,2025-04-29,Home,Bedding,1,105.17,0.05,99.91,Potential / Occasional,Warm (31-90)
TXN003721,C00799,2025-04-29,Electronics,Laptop,1,215.76,0.0,215.76,Potential / Occasional,Warm (31-90)
TXN000199,C00038,2025-05-01,Clothing,Dress,3,228.08,0.0,684.24,High-Value Champions,Active (0-30)
TXN001849,C00364,2025-05-01,Electronics,Tablet,1,218.56,0.05,207.63,Potential / Occasional,Warm (31-90)
TXN000986,C00187,2025-05-01,Clothing,Jeans,2,100.93,0.1,181.67,Potential / Occasional,Warm (31-90)
TXN003544,C00756,2025-05-01,Home,Decor,3,354.1,0.1,956.08,High-Value Champions,Active (0-30)
TXN001557,C00299,2025-05-01,Sports,Dumbbells,2,113.03,0.0,226.06,Loyal Frequent,Warm (31-90)
TXN002825,C00581,2025-05-02,Clothing,Dress,3,41.29,0.0,123.86,Loyal Frequent,Warm (31-90)
TXN001858,C00368,2025-05-02,Home,Lamp,3,181.18,0.05,516.35,Loyal Frequent,Warm (31-90)
TXN001996,C00393,2025-05-02,Electronics,Smartphone,2,103.91,0.05,197.43,Potential / Occasional,Warm (31-90)
TXN001119,C00213,2025-05-02,Beauty,Makeup,1,319.8,0.05,303.81,High-Value Champions,Active (0-30)
TXN003324,C00702,2025-05-03,Beauty,Makeup,3,242.96,0.0,728.88,Loyal Frequent,Warm (31-90)
TXN000334,C00058,2025-05-03,Sports,Bicycle,2,404.87,0.2,647.8,High-Value Champions,Active (0-30)
TXN002351,C00482,2025-05-03,Clothing,Sneakers,1,131.97,0.0,131.97,Loyal Frequent,Warm (31-90)
TXN002483,C00517,2025-05-03,Home,Sofa,3,246.35,0.0,739.04,Loyal Frequent,Warm (31-90)
TXN002541,C00527,2025-05-03,Electronics,Smartphone,1,26.18,0.0,26.18,Potential / Occasional,Active (0-30)
TXN003468,C00741,2025-05-03,Home,Sofa,1,154.75,0.15,131.54,Loyal Frequent,Warm (31-90)
TXN003010,C00631,2025-05-04,Home,Bedding,3,393.73,0.1,1063.08,Loyal Frequent,Warm (31-90)
TXN001502,C00290,2025-05-04,Electronics,Smartwatch,3,442.84,0.1,1195.67,High-Value Champions,Warm (31-90)
TXN002139,C00428,2025-05-04,Electronics,Smartwatch,2,41.36,0.05,78.59,Loyal Frequent,Warm (31-90)
TXN000161,C00032,2025-05-05,Beauty,Makeup,2,22.06,0.1,39.71,Potential / Occasional,Warm (31-90)
TXN002680,C00551,2025-05-05,Clothing,Jeans,2,199.67,0.0,399.34,High-Value Champions,Warm (31-90)
TXN001277,C00245,2025-05-05,Home,Cookware,3,326.92,0.15,833.65,Loyal Frequent,Active (0-30)
TXN003101,C00653,2025-05-05,Clothing,Dress,1,196.0,0.0,196.0,Loyal Frequent,Warm (31-90)
TXN000760,C00137,2025-05-06,Sports,Dumbbells,2,374.66,0.15,636.93,High-Value Champions,Warm (31-90)
TXN000615,C00114,2025-05-06,Sports,Dumbbells,1,110.32,0.0,110.32,Loyal Frequent,Warm (31-90)
TXN002956,C00619,2025-05-06,Beauty,Haircare,3,15.85,0.0,47.54,Potential / Occasional,Warm (31-90)
TXN002937,C00612,2025-05-06,Home,Sofa,1,173.24,0.0,173.24,Potential / Occasional,Warm (31-90)
TXN003425,C00728,2025-05-07,Sports,Bicycle,1,167.44,0.0,167.44,Loyal Frequent,Warm (31-90)
TXN001812,C00356,2025-05-07,Sports,Yoga Mat,1,60.42,0.0,60.42,Potential / Occasional,Warm (31-90)
TXN001887,C00374,2025-05-07,Sports,Dumbbells,2,103.35,0.0,206.7,Potential / Occasional,Warm (31-90)
TXN003601,C00774,2025-05-07,Electronics,Smartphone,3,51.63,0.0,154.9,Loyal Frequent,Warm (31-90)
TXN003343,C00705,2025-05-07,Sports,Bicycle,1,331.47,0.1,298.32,Loyal Frequent,Warm (31-90)
TXN001154,C00215,2025-05-07,Beauty,Skincare,2,361.32,0.15,614.24,High-Value Champions,Active (0-30)
TXN000012,C00004,2025-05-07,Home,Bedding,3,134.77,0.1,363.88,Potential / Occasional,Warm (31-90)
TXN001387,C00266,2025-05-08,Beauty,Makeup,3,64.69,0.0,194.06,Potential / Occasional,Warm (31-90)
TXN002317,C00473,2025-05-08,Electronics,Headphones,1,428.83,0.05,407.38,Loyal Frequent,Warm (31-90)
TXN003052,C00638,2025-05-08,Beauty,Skincare,3,290.44,0.0,871.33,High-Value Champions,Warm (31-90)
TXN003167,C00666,2025-05-09,Clothing,T-Shirt,3,424.94,0.0,1274.82,High-Value Champions,Warm (31-90)
TXN002131,C00427,2025-05-09,Electronics,Tablet,3,398.1,0.0,1194.3,High-Value Champions,Warm (31-90)
TXN000270,C00047,2025-05-09,Electronics,Laptop,3,156.15,0.05,445.04,Loyal Frequent,Warm (31-90)
TXN001020,C00193,2025-05-09,Clothing,Dress,1,290.97,0.15,247.32,High-Value Champions,Warm (31-90)
TXN002862,C00590,2025-05-09,Beauty,Makeup,2,35.63,0.2,57.0,Potential / Occasional,Warm (31-90)
TXN003408,C00726,2025-05-10,Sports,Dumbbells,3,332.7,0.0,998.09,Loyal Frequent,Active (0-30)
TXN001903,C00378,2025-05-10,Clothing,Jeans,3,47.01,0.05,133.97,Potential / Occasional,Warm (31-90)
TXN002153,C00433,2025-05-10,Electronics,Laptop,1,170.76,0.0,170.76,High-Value Champions,Warm (31-90)
TXN002031,C00401,2025-05-10,Home,Decor,1,371.31,0.1,334.18,Loyal Frequent,Warm (31-90)
TXN003569,C00762,2025-05-10,Electronics,Laptop,3,113.26,0.15,288.82,Potential / Occasional,Warm (31-90)
TXN002884,C00596,2025-05-11,Sports,Running Shoes,3,214.62,0.05,611.65,Loyal Frequent,Warm (31-90)
TXN001889,C00375,2025-05-12,Clothing,T-Shirt,2,91.98,0.2,147.16,Potential / Occasional,Active (0-30)
TXN003166,C00666,2025-05-12,Clothing,Dress,3,91.26,0.1,246.39,High-Value Champions,Warm (31-90)
TXN001885,C00373,2025-05-12,Clothing,Jacket,1,218.9,0.1,197.01,Potential / Occasional,Warm (31-90)
TXN000278,C00049,2025-05-12,Beauty,Perfume,1,291.88,0.1,262.69,Loyal Frequent,Warm (31-90)
TXN001824,C00361,2025-05-12,Clothing,Sneakers,2,442.2,0.2,707.53,High-Value Champions,Warm (31-90)
TXN003659,C00786,2025-05-14,Sports,Bicycle,3,321.02,0.1,866.75,Loyal Frequent,Active (0-30)
TXN000391,C00069,2025-05-14,Home,Decor,1,218.36,0.1,196.52,High-Value Champions,Warm (31-90)
TXN000720,C00130,2025-05-15,Sports,Bicycle,1,138.0,0.0,138.0,High-Value Champions,Warm (31-90)
TXN003517,C00754,2025-05-15,Home,Sofa,1,318.34,0.1,286.5,High-Value Champions,Active (0-30)
TXN002959,C00620,2025-05-15,Beauty,Makeup,2,21.89,0.0,43.77,Potential / Occasional,Warm (31-90)
TXN000455,C00085,2025-05-15,Beauty,Skincare,2,369.77,0.1,665.59,Loyal Frequent,Warm (31-90)
TXN002543,C00528,2025-05-15,Clothing,Jacket,1,38.6,0.0,38.6,Potential / Occasional,Warm (31-90)
TXN001113,C00212,2025-05-15,Sports,Yoga Mat,2,149.25,0.05,283.57,Potential / Occasional,Warm (31-90)
TXN000337,C00058,2025-05-16,Beauty,Makeup,1,391.6,0.0,391.6,High-Value Champions,Active (0-30)
TXN002140,C00428,2025-05-16,Sports,Dumbbells,3,44.99,0.05,128.23,Loyal Frequent,Warm (31-90)
TXN003498,C00752,2025-05-16,Clothing,Jacket,3,447.55,0.0,1342.66,High-Value Champions,Warm (31-90)
TXN002212,C00448,2025-05-16,Sports,Running Shoes,3,119.93,0.0,359.79,Potential / Occasional,Warm (31-90)
TXN003153,C00665,2025-05-17,Sports,Bicycle,1,85.42,0.0,85.42,Potential / Occasional,Warm (31-90)
TXN000169,C00035,2025-05-17,Home,Decor,3,108.28,0.0,324.85,High-Value Champions,Active (0-30)
TXN002266,C00459,2025-05-18,Beauty,Makeup,2,128.89,0.0,257.79,Loyal Frequent,Warm (31-90)
TXN001439,C00279,2025-05-18,Clothing,Dress,1,83.53,0.0,83.53,Loyal Frequent,Warm (31-90)
TXN001141,C00215,2025-05-18,Clothing,T-Shirt,3,312.81,0.0,938.43,High-Value Champions,Active (0-30)
TXN001780,C00350,2025-05-18,Clothing,Jacket,3,51.91,0.0,155.73,Potential / Occasional,Warm (31-90)
TXN001615,C00314,2025-05-18,Beauty,Perfume,1,66.57,0.1,59.92,Loyal Frequent,Active (0-30)
TXN001066,C00199,2025-05-18,Electronics,Laptop,3,236.06,0.05,672.76,High-Value Champions,Warm (31-90)
TXN001144,C00215,2025-05-19,Home,Cookware,1,117.35,0.2,93.88,High-Value Champions,Active (0-30)
TXN000026,C00006,2025-05-19,Electronics,Headphones,1,170.3,0.0,170.3,Loyal Frequent,Active (0-30)
TXN001321,C00251,2025-05-19,Sports,Yoga Mat,1,395.4,0.0,395.4,High-Value Champions,Warm (31-90)
TXN002674,C00551,2025-05-20,Electronics,Smartphone,2,247.96,0.05,471.11,High-Value Champions,Warm (31-90)
TXN000715,C00130,2025-05-20,Sports,Yoga Mat,1,316.97,0.0,316.97,High-Value Champions,Warm (31-90)
TXN000452,C00085,2025-05-20,Electronics,Smartwatch,3,378.91,0.0,1136.73,Loyal Frequent,Warm (31-90)
TXN000939,C00175,2025-05-20,Beauty,Makeup,2,112.93,0.15,191.98,Potential / Occasional,Warm (31-90)
TXN002695,C00553,2025-05-20,Electronics,Headphones,3,113.02,0.05,322.11,Loyal Frequent,Warm (31-90)
TXN000997,C00189,2025-05-21,Home,Sofa,3,93.38,0.0,280.13,Potential / Occasional,Warm (31-90)
TXN001588,C00307,2025-05-22,Clothing,Sneakers,1,93.56,0.1,84.21,Potential / Occasional,Warm (31-90)
TXN003082,C00649,2025-05-22,Sports,Dumbbells,3,126.72,0.0,380.16,Loyal Frequent,Warm (31-90)
TXN000482,C00089,2025-05-23,Home,Decor,3,58.3,0.05,166.15,Potential / Occasional,Warm (31-90)
TXN000295,C00050,2025-05-23,Beauty,Perfume,2,372.31,0.05,707.38,High-Value Champions,Warm (31-90)
TXN001623,C00316,2025-05-24,Sports,Yoga Mat,3,176.98,0.0,530.95,Loyal Frequent,Warm (31-90)
TXN003386,C00721,2025-05-24,Clothing,Sneakers,1,163.67,0.0,163.67,Loyal Frequent,Warm (31-90)
TXN000043,C00007,2025-05-25,Electronics,Laptop,3,412.23,0.05,1174.86,High-Value Champions,Active (0-30)
TXN002976,C00625,2025-05-25,Sports,Running Shoes,2,155.43,0.15,264.23,Potential / Occasional,Warm (31-90)
TXN002430,C00502,2025-05-25,Electronics,Smartphone,2,116.07,0.1,208.92,Loyal Frequent,Warm (31-90)
TXN002162,C00434,2025-05-25,Sports,Bicycle,2,28.96,0.0,57.93,Potential / Occasional,Warm (31-90)
TXN001641,C00318,2025-05-25,Sports,Running Shoes,2,105.3,0.1,189.55,Loyal Frequent,Warm (31-90)
TXN002592,C00540,2025-05-26,Beauty,Skincare,3,167.16,0.1,451.34,Loyal Frequent,Warm (31-90)
TXN002626,C00544,2025-05-27,Electronics,Smartphone,3,165.83,0.2,397.98,Potential / Occasional,Warm (31-90)
TXN002119,C00425,2025-05-27,Beauty,Haircare,3,176.4,0.0,529.19,Potential / Occasional,Warm (31-90)
TXN003576,C00764,2025-05-27,Clothing,Sneakers,1,92.97,0.0,92.97,Potential / Occasional,Warm (31-90)
TXN001190,C00226,2025-05-27,Clothing,Jacket,3,25.27,0.0,75.82,Potential / Occasional,Warm (31-90)
TXN002883,C00596,2025-05-28,Electronics,Headphones,3,433.32,0.0,1299.95,Loyal Frequent,Warm (31-90)
TXN002387,C00493,2025-05-28,Home,Bedding,3,249.7,0.05,711.64,Loyal Frequent,Warm (31-90)
TXN001409,C00270,2025-05-29,Electronics,Headphones,3,441.15,0.0,1323.45,High-Value Champions,Warm (31-90)
TXN003077,C00647,2025-05-29,Electronics,Smartphone,3,104.22,0.1,281.39,Potential / Occasional,Warm (31-90)
TXN003078,C00647,2025-05-29,Sports,Running Shoes,2,207.74,0.15,353.15,Potential / Occasional,Warm (31-90)
TXN001159,C00216,2025-05-29,Home,Cookware,1,105.23,0.15,89.44,Potential / Occasional,Warm (31-90)
TXN001542,C00297,2025-05-29,Home,Lamp,3,60.09,0.2,144.23,Loyal Frequent,Warm (31-90)
TXN001392,C00268,2025-05-29,Clothing,Sneakers,1,223.63,0.0,223.63,Potential / Occasional,Warm (31-90)
TXN003400,C00725,2025-05-29,Home,Sofa,2,349.7,0.0,699.4,Loyal Frequent,Warm (31-90)
TXN001490,C00288,2025-05-29,Beauty,Perfume,2,131.78,0.05,250.38,Loyal Frequent,Warm (31-90)
TXN000422,C00080,2025-05-30,Clothing,Dress,1,231.42,0.2,185.13,Potential / Occasional,Active (0-30)
TXN003212,C00677,2025-05-30,Electronics,Smartwatch,1,408.16,0.0,408.16,High-Value Champions,Active (0-30)
TXN003670,C00787,2025-05-31,Sports,Bicycle,3,389.43,0.0,1168.3,Loyal Frequent,Active (0-30)
TXN000087,C00014,2025-05-31,Sports,Running Shoes,2,367.42,0.15,624.61,High-Value Champions,Active (0-30)
TXN003444,C00734,2025-05-31,Home,Cookware,2,97.4,0.2,155.84,Loyal Frequent,Active (0-30)
TXN000077,C00013,2025-05-31,Clothing,T-Shirt,3,440.15,0.1,1188.41,High-Value Champions,Active (0-30)
TXN001569,C00300,2025-06-01,Clothing,T-Shirt,1,181.92,0.05,172.82,High-Value Champions,Active (0-30)
TXN003658,C00786,2025-06-01,Beauty,Makeup,2,206.45,0.15,350.97,Loyal Frequent,Active (0-30)
TXN001981,C00391,2025-06-02,Home,Cookware,1,416.26,0.0,416.26,High-Value Champions,Active (0-30)
TXN002108,C00422,2025-06-02,Beauty,Makeup,1,143.77,0.05,136.58,Loyal Frequent,Active (0-30)
TXN000361,C00065,2025-06-02,Electronics,Smartwatch,3,83.87,0.05,239.03,Potential / Occasional,Active (0-30)
TXN000571,C00105,2025-06-03,Clothing,Sneakers,2,197.8,0.0,395.6,Potential / Occasional,Active (0-30)
TXN001888,C00375,2025-06-04,Clothing,T-Shirt,3,203.71,0.0,611.13,Potential / Occasional,Active (0-30)
TXN002757,C00564,2025-06-05,Electronics,Smartphone,2,215.77,0.15,366.81,Potential / Occasional,Active (0-30)
TXN003646,C00784,2025-06-05,Clothing,Jeans,2,193.46,0.0,386.92,Potential / Occasional,Active (0-30)
TXN001122,C00213,2025-06-06,Electronics,Smartwatch,2,389.16,0.05,739.41,High-Value Champions,Active (0-30)
TXN001280,C00245,2025-06-06,Sports,Running Shoes,1,140.95,0.05,133.9,Loyal Frequent,Active (0-30)
TXN002721,C00557,2025-06-07,Clothing,T-Shirt,2,100.25,0.0,200.5,Loyal Frequent,Active (0-30)
TXN000412,C00077,2025-06-07,Clothing,Sneakers,3,24.26,0.0,72.77,Potential / Occasional,Active (0-30)
TXN000190,C00038,2025-06-07,Home,Bedding,1,276.58,0.1,248.92,High-Value Champions,Active (0-30)
TXN003169,C00667,2025-06-07,Beauty,Makeup,2,53.33,0.05,101.33,Potential / Occasional,Active (0-30)
TXN000693,C00127,2025-06-07,Clothing,T-Shirt,2,104.46,0.0,208.91,Loyal Frequent,Active (0-30)
TXN003437,C00731,2025-06-08,Beauty,Haircare,3,124.08,0.05,353.63,Potential / Occasional,Active (0-30)
TXN003708,C00797,2025-06-08,Clothing,Jacket,1,63.02,0.05,59.86,Loyal Frequent,Active (0-30)
TXN002539,C00526,2025-06-08,Electronics,Smartwatch,2,155.37,0.0,310.73,Loyal Frequent,Active (0-30)
TXN003617,C00777,2025-06-09,Sports,Yoga Mat,2,125.12,0.1,225.22,Loyal Frequent,Active (0-30)
TXN000793,C00140,2025-06-09,Sports,Dumbbells,3,70.79,0.05,201.75,Loyal Frequent,Active (0-30)
TXN001616,C00314,2025-06-09,Home,Lamp,3,111.19,0.2,266.85,Loyal Frequent,Active (0-30)
TXN002013,C00398,2025-06-09,Clothing,Sneakers,3,49.97,0.1,134.93,Potential / Occasional,Active (0-30)
TXN000202,C00039,2025-06-10,Home,Sofa,2,81.6,0.05,155.04,Loyal Frequent,Active (0-30)
TXN003312,C00697,2025-06-11,Electronics,Laptop,1,403.99,0.1,363.59,High-Value Champions,Active (0-30)
TXN000905,C00166,2025-06-12,Home,Lamp,3,378.13,0.0,1134.4,High-Value Champions,Active (0-30)
TXN000022,C00006,2025-06-12,Beauty,Skincare,1,214.59,0.0,214.59,Loyal Frequent,Active (0-30)
TXN000053,C00009,2025-06-12,Sports,Running Shoes,3,41.12,0.05,117.2,Loyal Frequent,Active (0-30)
TXN001068,C00200,2025-06-13,Beauty,Perfume,1,20.5,0.0,20.5,Potential / Occasional,Active (0-30)
TXN000565,C00104,2025-06-14,Clothing,Jeans,3,71.07,0.1,191.89,Potential / Occasional,Active (0-30)
TXN000032,C00007,2025-06-14,Electronics,Laptop,2,159.52,0.15,271.18,High-Value Champions,Active (0-30)
TXN000609,C00112,2025-06-15,Home,Decor,2,268.31,0.0,536.63,Loyal Frequent,Active (0-30)
TXN000524,C00098,2025-06-15,Home,Lamp,2,151.77,0.1,273.18,Potential / Occasional,Active (0-30)
TXN001876,C00371,2025-06-15,Clothing,Jacket,1,210.4,0.0,210.4,High-Value Champions,Active (0-30)
TXN003597,C00772,2025-06-15,Beauty,Haircare,1,41.45,0.2,33.16,Potential / Occasional,Active (0-30)
TXN003664,C00786,2025-06-15,Home,Lamp,1,140.48,0.0,140.48,Loyal Frequent,Active (0-30)
TXN002967,C00623,2025-06-15,Sports,Yoga Mat,3,185.88,0.05,529.76,Loyal Frequent,Active (0-30)
TXN003218,C00677,2025-06-16,Electronics,Smartwatch,3,392.76,0.1,1060.44,High-Value Champions,Active (0-30)
TXN000173,C00035,2025-06-16,Home,Bedding,3,131.65,0.1,355.46,High-Value Champions,Active (0-30)
TXN002020,C00399,2025-06-16,Clothing,Jeans,1,90.53,0.05,86.0,Loyal Frequent,Active (0-30)
TXN003553,C00756,2025-06-16,Sports,Bicycle,3,230.81,0.05,657.81,High-Value Champions,Active (0-30)
TXN000587,C00108,2025-06-16,Home,Bedding,3,117.33,0.05,334.4,Loyal Frequent,Active (0-30)
TXN000670,C00123,2025-06-16,Sports,Yoga Mat,2,173.17,0.05,329.02,High-Value Champions,Active (0-30)
TXN002538,C00526,2025-06-17,Electronics,Tablet,2,46.54,0.15,79.12,Loyal Frequent,Active (0-30)
TXN001150,C00215,2025-06-17,Sports,Running Shoes,3,380.71,0.0,1142.13,High-Value Champions,Active (0-30)
TXN000875,C00160,2025-06-17,Electronics,Smartphone,3,114.37,0.0,343.12,Potential / Occasional,Active (0-30)
TXN002204,C00444,2025-06-18,Clothing,T-Shirt,2,101.23,0.0,202.46,Potential / Occasional,Active (0-30)
TXN002849,C00587,2025-06-18,Sports,Dumbbells,2,34.01,0.2,54.42,Potential / Occasional,Active (0-30)
TXN002912,C00603,2025-06-19,Electronics,Smartwatch,3,114.22,0.05,325.52,Potential / Occasional,Active (0-30)
TXN001712,C00333,2025-06-19,Electronics,Headphones,3,373.52,0.05,1064.53,High-Value Champions,Active (0-30)
TXN002421,C00499,2025-06-19,Clothing,Jacket,2,179.39,0.0,358.78,Loyal Frequent,Active (0-30)
TXN003288,C00692,2025-06-19,Clothing,Jeans,1,118.99,0.0,118.99,Potential / Occasional,Active (0-30)
TXN002428,C00501,2025-06-20,Clothing,Jacket,3,32.55,0.0,97.64,Potential / Occasional,Active (0-30)
TXN002339,C00479,2025-06-20,Clothing,Sneakers,1,44.85,0.2,35.88,Potential / Occasional,Active (0-30)
TXN002193,C00440,2025-06-20,Home,Cookware,2,118.2,0.05,224.59,Loyal Frequent,Active (0-30)
TXN003523,C00755,2025-06-21,Home,Cookware,2,238.17,0.0,476.35,High-Value Champions,Active (0-30)
TXN002542,C00527,2025-06-21,Electronics,Laptop,3,62.14,0.0,186.42,Potential / Occasional,Active (0-30)
TXN002876,C00594,2025-06-22,Clothing,Sneakers,3,208.9,0.0,626.7,Potential / Occasional,Active (0-30)
TXN003407,C00726,2025-06-22,Sports,Running Shoes,3,320.83,0.0,962.48,Loyal Frequent,Active (0-30)
TXN002376,C00490,2025-06-23,Clothing,Jacket,3,226.25,0.15,576.94,Potential / Occasional,Active (0-30)
TXN000150,C00026,2025-06-23,Electronics,Tablet,2,35.01,0.15,59.52,Potential / Occasional,Active (0-30)
TXN000593,C00109,2025-06-23,Clothing,Dress,3,157.11,0.1,424.21,Loyal Frequent,Active (0-30)
TXN000778,C00138,2025-06-23,Sports,Yoga Mat,3,432.34,0.15,1102.46,High-Value Champions,Active (0-30)
TXN003294,C00695,2025-06-25,Electronics,Smartwatch,2,149.64,0.1,269.36,Potential / Occasional,Active (0-30)
TXN001243,C00239,2025-06-25,Beauty,Haircare,3,121.76,0.0,365.27,Loyal Frequent,Active (0-30)
TXN002436,C00503,2025-06-25,Sports,Dumbbells,1,225.78,0.0,225.78,Potential / Occasional,Active (0-30)
TXN003696,C00794,2025-06-26,Beauty,Makeup,3,196.47,0.2,471.52,Potential / Occasional,Active (0-30)
TXN000702,C00128,2025-06-26,Electronics,Tablet,1,275.01,0.0,275.01,Loyal Frequent,Active (0-30)
TXN001382,C00264,2025-06-26,Home,Decor,1,188.11,0.1,169.3,Potential / Occasional,Active (0-30)
TXN000344,C00058,2025-06-26,Sports,Running Shoes,3,116.42,0.2,279.4,High-Value Champions,Active (0-30)
TXN000929,C00168,2025-06-26,Sports,Yoga Mat,2,31.47,0.0,62.95,Potential / Occasional,Active (0-30)
TXN002144,C00430,2025-06-26,Electronics,Headphones,3,133.23,0.1,359.72,Loyal Frequent,Active (0-30)
TXN003492,C00751,2025-06-26,Beauty,Skincare,1,119.78,0.05,113.79,Potential / Occasional,Active (0-30)
TXN000144,C00025,2025-06-27,Clothing,Dress,2,81.86,0.05,155.53,Loyal Frequent,Active (0-30)
TXN001336,C00254,2025-06-27,Clothing,Jacket,3,91.65,0.0,274.95,Potential / Occasional,Active (0-30)
TXN002374,C00489,2025-06-28,Electronics,Laptop,1,15.81,0.0,15.81,Potential / Occasional,Active (0-30)
TXN003513,C00754,2025-06-29,Home,Decor,1,256.9,0.05,244.05,High-Value Champions,Active (0-30)
